Station	Year	Month	Tmin	NB_Tmin	TNAB	TNDAT	Tmax	NB_Tmax	TXAB	TXDAT	TM	rainfall	ND_rainfall	insolat	ND_insolat
Rochambeau	2001	1	23.2	31	20.5	29	28.8	31	30.2	7	26.0	336.6	31	4728	31
Rochambeau	2001	2	23.4	28	21.2	27	29.0	28	30.2	4	26.2	283.2	28	4680	28
Rochambeau	2001	3	23.6	31	20.5	18	30.1	31	31.1	9	26.9	128.4	31	8337	31
Rochambeau	2001	4	23.3	30	21.0	19	29.8	30	31.4	25	26.6	213.6	30	6876	30
Rochambeau	2001	5	23.8	31	21.8	26	30.2	31	31.7	16	27.0	668.8	31	7836	31
Rochambeau	2001	6	22.6	30	21.5	7	30.0	30	31.8	25	26.3	598.4	30	9264	30
Rochambeau	2001	7	22.1	31	21.2	26	31.3	31	33.6	29	26.7	282.2	31	12642	31
Rochambeau	2001	8	22.3	31	21.2	4	31.7	31	32.9	26	27.0	141.8	31	13764	31
Rochambeau	2001	9	22.4	30	21.1	1	32.2	30	33.4	26	27.3	155.0	30	15624	30
Rochambeau	2001	10	22.2	31	20.3	6	32.3	31	34.0	18	27.3	58.2	31	15312	31
Rochambeau	2001	11	22.4	30	21.0	11	31.7	30	32.7	25	27.0	64.0	30	13890	30
Rochambeau	2001	12	23.4	31	21.9	14	30.9	31	33.1	14	27.1	434.0	31	9048	31
Rochambeau	2002	1	22.7	31	20.5	7	29.3	31	31.7	7	26.0	512.0	31	7440	31
Rochambeau	2002	2	23.7	28	21.9	9	29.1	28	30.8	27	26.4	312.4	28	3867	28
Rochambeau	2002	3	23.5	31	22.0	12	29.6	31	30.9	27	26.5	680.6	31	5712	31
Rochambeau	2002	4	23.5	30	22.4	12	30.0	30	31.8	15	26.7	737.4	30	6852	30
Rochambeau	2002	5	23.6	31	22.2	10	30.0	31	31.7	26	26.8	617.4	31	5730	31
Rochambeau	2002	6	22.9	30	21.6	10	30.1	30	31.5	9	26.5	498.0	30	7776	30
Rochambeau	2002	7	22.6	31	21.1	28	31.4	31	33.7	26	27.0	173.6	31	12738	31
Rochambeau	2002	8	22.5	31	21.3	16	31.3	31	33.5	17	26.9	136.0	31	12108	31
Rochambeau	2002	9	22.0	30	19.8	19	32.2	30	33.8	11	27.1	43.2	30	15360	30
Rochambeau	2002	10	21.8	31	20.4	10	32.2	31	33.1	18	27.0	20.4	31	16326	31
Rochambeau	2002	11	22.6	30	21.4	12	31.4	30	32.6	3	27.0	166.0	30	12288	30
Rochambeau	2002	12	23.8	31	21.5	20	29.6	31	30.5	20	26.7	396.8	31	5289	31
Rochambeau	2003	1	23.7	31	20.8	26	29.3	31	30.2	29	26.5	127.6	31	6108	31
Rochambeau	2003	2	23.8	28	21.7	14	29.2	28	30.2	13	26.5	155.6	28	4944	28
Rochambeau	2003	3	23.2	31	20.4	17	29.9	31	31.5	31	26.6	146.2	31	8526	31
Rochambeau	2003	4	24.2	30	21.5	21	30.4	30	31.1	24	27.3	335.0	30	7608	30
Rochambeau	2003	5	23.5	31	21.8	26	29.8	31	31.7	9	26.6	581.6	31	6073	31
Rochambeau	2003	6	23.0	30	21.6	12	30.5	30	32.1	9	26.7	456.2	30	9318	30
Rochambeau	2003	7	22.5	31	21.7	19	30.7	31	32.8	19	26.6	270.4	31	11472	31
Rochambeau	2003	8	22.3	31	21.3	13	32.4	31	33.9	24	27.4	23.6	31	15906	31
Rochambeau	2003	9	22.5	30	21.2	15	32.6	30	34.5	1	27.6	71.6	30	13902	30
Rochambeau	2003	10	22.2	31	20.9	6	32.7	31	34.0	13	27.5	59.6	31	15384	31
Rochambeau	2003	11	22.9	30	21.4	5	31.9	30	33.2	3	27.4	113.2	30	12198	30
Rochambeau	2003	12	23.1	31	21.7	21	30.6	31	32.2	5	26.8	308.6	31	8916	31
Rochambeau	2004	1	22.9	31	20.4	25	29.8	31	31.0	14	26.3	189.8	31	4226	31
Rochambeau	2004	2	23.6	29	21.8	15	29.9	29	31.1	23	26.8	90.6	29	6396	29
Rochambeau	2004	3	24.1	31	22.6	11	29.5	31	31.2	30	26.8	350.0	31	4092	31
Rochambeau	2004	4	23.4	30	21.5	20	30.2	30	32.1	5	26.8	605.2	30	8382	30
Rochambeau	2004	5	23.6	31	22.2	28	30.3	31	31.9	21	26.9	395.0	31	7638	31
Rochambeau	2004	6	22.7	30	21.0	8	30.2	30	32.0	14	26.5	412.4	30	7866	30
Rochambeau	2004	7	22.5	31	21.3	19	31.0	31	32.4	14	26.7	245.4	31	12360	31
Rochambeau	2004	8	22.2	31	21.2	3	31.7	31	32.8	27	27.0	95.5	31	14734	31
Rochambeau	2004	9	22.6	30	21.6	18	32.5	30	33.7	30	27.5	111.0	30	15180	30
Rochambeau	2004	10	22.6	31	21.4	8	32.7	31	33.7	20	27.7	54.8	31	15014	31
Rochambeau	2004	11	22.3	30	21.0	11	32.3	30	33.4	3	27.3	136.6	30	14358	30
Rochambeau	2004	12	22.4	31	20.9	12	32.1	31	34.1	3	27.2	74.6	31	13507	31
Rochambeau	2005	1	23.5	31	21.8	4	30.4	31	32.5	1	27.0	540.6	31	7404	31
Rochambeau	2005	2	23.7	28	21.5	13	30.5	28	31.9	1	27.1	191.4	28	6524	28
Rochambeau	2005	3	23.9	31	21.6	24	30.5	31	31.5	22	27.2	226.0	31	7482	31
Rochambeau	2005	4	23.9	30	22.8	30	29.8	30	31.9	20	26.9	734.2	30	4046	30
Rochambeau	2005	5	23.7	31	21.9	22	30.7	31	32.6	19	27.2	422.8	31	8898	31
Rochambeau	2005	6	22.9	30	21.6	28	31.2	30	33.1	15	27.1	222.2	30	11316	30
Rochambeau	2005	7	23.0	31	21.9	24	31.1	31	32.8	2	27.0	150.0	31	11004	31
Rochambeau	2005	8	22.5	31	21.2	27	31.7	31	33.4	7	27.1	162.4	31	11166	31
Rochambeau	2005	9	22.6	30	19.9	29	32.6	30	33.5	26	27.6	46.2	30	15732	30
Rochambeau	2005	10	22.7	31	21.5	18	32.8	31	34.0	1	27.7	15.4	31	15642	31
Rochambeau	2005	11	23.1	30	21.6	11	32.1	30	33.0	1	27.6	111.8	30	13128	30
Rochambeau	2005	12	23.3	31	21.6	6	30.0	31	32.1	15	26.6	615.4	31	6762	31
Rochambeau	2006	1	23.3	31	21.3	10	29.0	31	30.8	31	26.1	869.0	31	4080	31
Rochambeau	2006	2	23.4	28	21.1	13	29.5	28	30.9	24	26.5	283.0	28	5376	28
Rochambeau	2006	3	24.0	31	21.8	31	29.9	31	31.1	21	27.0	331.4	31	7752	31
Rochambeau	2006	4	23.4	30	21.5	7	29.8	30	31.5	3	26.6	579.0	30	7089	30
Rochambeau	2006	5	23.4	31	21.9	19	29.7	31	31.3	18	26.5	674.8	31	6787	31
Rochambeau	2006	6	22.9	30	20.7	20	30.1	30	32.4	12	26.5	503.6	30	6812	30
Rochambeau	2006	7	22.8	31	21.5	19	31.0	31	32.4	25	26.9	260.6	31	11952	31
Rochambeau	2006	8	22.8	31	21.2	1	31.9	31	33.3	9	27.4	115.6	31	14010	31
Rochambeau	2006	9	22.3	30	20.9	7	32.6	30	33.8	5	27.5	61.2	30	16045	30
Rochambeau	2006	10	22.7	31	21.3	27	32.7	31	34.1	8	27.7	131.2	31	13687	31
Rochambeau	2006	11	22.6	30	20.3	17	31.3	30	32.3	16	27.0	152.4	30	11203	30
Rochambeau	2006	12	23.0	31	20.9	25	30.0	31	33.0	2	26.5	434.8	31	7595	31
Rochambeau	2007	1	23.9	31	22.1	18	29.9	31	31.1	19	26.9	271.4	31	6024	31
Rochambeau	2007	2	23.0	28	20.7	19	30.1	28	31.3	28	26.6	144.2	28	8169	28
Rochambeau	2007	3	23.6	31	21.3	21	29.6	31	31.2	31	26.6	525.4	31	5591	31
Rochambeau	2007	4	23.7	30	21.7	26	30.0	30	31.9	19	26.8	553.1	30	7162	30
Rochambeau	2007	5	23.7	31	22.2	2	29.9	31	31.8	12	26.8	647.0	31	6746	31
Rochambeau	2007	6	23.0	30	21.5	29	30.7	30	31.8	29	26.8	407.0	30	8696	30
Rochambeau	2007	7	22.7	31	21.7	26	31.3	31	32.9	31	27.0	250.4	31	12415	31
Rochambeau	2007	8	22.8	31	21.4	31	32.1	31	33.5	4	27.5	128.2	31	12906	31
Rochambeau	2007	9	22.4	30	21.5	25	32.3	30	33.8	22	27.4	27.4	30	14391	30
Rochambeau	2007	10	22.5	31	21.3	24	32.6	31	33.7	5	27.5	47.0	31	13996	31
Rochambeau	2007	11	22.9	30	21.7	5	31.5	30	33.1	6	27.2	87.4	30	12587	30
Rochambeau	2007	12	23.1	31	21.9	19	29.7	31	31.7	4	26.4	622.0	31	5830	31
Rochambeau	2008	1	23.3	31	21.0	28	29.4	31	30.6	11	26.3	258.2	31	5374	31
Rochambeau	2008	2	23.5	29	20.9	1	28.6	29	30.0	13	26.0	636.6	29	3561	29
Rochambeau	2008	3	22.6	31	19.5	17	29.0	31	30.6	17	25.8	318.8	31	5428	31
Rochambeau	2008	4	23.8	30	22.0	1	29.7	30	31.9	25	26.7	363.6	30	6046	30
Rochambeau	2008	5	23.5	31	22.1	26	29.7	31	31.9	14	26.6	676.0	31	6086	31
Rochambeau	2008	6	22.9	30	21.8	3	30.2	30	33.1	10	26.6	334.0	30	9492	30
Rochambeau	2008	7	22.2	31	21.0	22	30.6	31	32.0	1	26.4	444.2	31	10610	31
Rochambeau	2008	8	22.7	31	21.2	29	32.3	31	33.8	13	27.5	91.2	31	15329	31
Rochambeau	2008	9	22.5	30	21.3	1	33.0	30	34.1	27	27.7	14.2	30	15923	30
Rochambeau	2008	10	22.2	31	20.8	21	33.2	31	34.1	31	27.7	10.0	31	15783	31
Rochambeau	2008	11	22.2	30	20.0	4	33.0	30	34.2	13	27.6	19.0	30	15018	30
Rochambeau	2008	12	22.9	31	21.4	15	31.2	31	33.1	8	27.0	344.8	31	9709	31
Rochambeau	2009	1	23.3	31	21.4	8	29.1	31	31.5	8	26.2	869.0	31	5288	31
Rochambeau	2009	2	23.7	28	22.3	27	29.3	28	30.7	4	26.5	531.0	28	4596	28
Rochambeau	2009	3	23.5	31	21.7	17	30.3	31	31.7	22	26.9	386.6	31	10197	31
Rochambeau	2009	4	23.6	30	22.3	23	30.5	30	31.7	1	27.0	365.4	30	8892	30
Rochambeau	2009	5	23.7	31	21.9	4	30.7	31	31.9	18	27.2	238.8	31	10469	31
Rochambeau	2009	6	23.4	30	21.7	22	30.6	30	32.8	24	27.0	379.8	30	9543	30
Rochambeau	2009	7	22.4	31	20.6	25	31.3	31	33.3	26	26.9	282.2	31	11762	31
Rochambeau	2009	8	22.7	31	20.8	29	32.3	31	33.8	31	27.5	92.0	31	14760	31
Rochambeau	2009	9	22.1	30	20.7	17	32.8	30	33.9	1	27.5	36.4	30	16328	30
Rochambeau	2009	10	22.5	31	19.9	16	32.5	31	34.3	5	27.5	62.6	31	14175	31
Rochambeau	2009	11	22.5	30	20.6	3	32.0	30	33.2	17	27.2	98.2	30	13271	30
Rochambeau	2009	12	23.8	31	21.9	22	30.1	31	31.2	8	26.9	261.8	31	6912	31
Rochambeau	2010	1	24.2	31	22.2	2	29.7	31	30.9	25	26.9	323.2	31	5904	31
Rochambeau	2010	2	24.2	28	20.7	15	30.2	28	31.4	14	27.2	228.2	28	5803	28
Rochambeau	2010	3	24.8	31	22.2	12	31.1	31	32.2	12	28.0	251.7	31	8271	31
Rochambeau	2010	4	24.2	30	22.8	11	31.2	30	33.0	21	27.7	504.9	30	7914	30
Rochambeau	2010	5	24.1	31	22.4	2	30.6	31	32.9	15	27.3	793.7	31	5005	31
Rochambeau	2010	6	23.3	30	22.1	21	31.3	30	33.7	3	27.3	262.5	30	9089	30
Rochambeau	2010	7	23.0	31	21.6	17	31.6	31	33.5	31	27.3	316.0	31	10935	31
Rochambeau	2010	8	22.9	31	22.0	29	32.5	31	33.7	1	27.7	128.3	31	13220	31
Rochambeau	2010	9	22.9	30	21.8	12	33.0	30	34.0	28	27.9	44.9	30	14643	30
Rochambeau	2010	10	22.8	31	21.4	23	33.3	31	34.6	4	28.1	30.0	31	15355	31
Rochambeau	2010	11	22.4	30	20.5	1	32.2	30	34.2	1	27.3	129.9	30	12414	30
Rochambeau	2010	12	22.8	31	21.0	2	30.5	31	32.2	9	26.6	523.9	31	8906	31
Rochambeau	2011	1	23.0	31	20.4	11	30.1	31	31.3	6	26.5	213.5	31	8391	31
Rochambeau	2011	2	23.2	28	19.9	28	29.3	28	31.1	26	26.2	482.2	28	4790	28
Rochambeau	2011	3	23.5	31	20.8	2	29.9	31	31.2	8	26.7	467.1	31	6132	31
Rochambeau	2011	4	23.4	30	21.1	17	30.7	30	32.0	29	27.0	172.2	30	10016	30
Rochambeau	2011	5	23.8	31	22.9	26	30.1	31	32.1	28	26.9	787.3	31	6410	31
Rochambeau	2011	6	23.1	30	22.1	25	31.1	30	32.2	6	27.1	426.1	30	10389	30
Rochambeau	2011	7	22.7	31	20.9	6	31.3	31	33.3	30	27.0	268.2	31	12014	31
Saint Georges	2001	1	21.9	31	20.1	21	29.0	31	30.8	26	25.5	539.0	31	4620	31
Saint Georges	2001	2	22.3	28	20.5	3	29.7	28	30.8	10	26.0	223.2	28	4145	28
Saint Georges	2001	3	21.9	31	19.8	13	30.6	31	32.2	18	26.3	299.6	31	7907	31
Saint Georges	2001	4	22.3	30	20.2	19	30.4	30	32.5	25	26.3	479.8	30	6692	30
Saint Georges	2001	5	22.9	31	21.0	26	30.1	31	32.5	16	26.5	658.6	31	4942	31
Saint Georges	2001	6	22.4	30	21.5	22	30.7	30	32.7	28	26.5	297.8	30	5538	29
Saint Georges	2001	7	21.5	31	20.0	3	31.5	31	34.0	28	26.5	302.4	31	9042	31
Saint Georges	2001	8	21.8	31	20.4	31	32.4	31	33.6	30	27.1	76.0	31	12282	31
Saint Georges	2001	9	21.5	30	20.5	4	33.8	30	35.1	8	27.7	30.8	30	13848	30
Saint Georges	2001	10	21.6	31	19.1	6	34.2	31	35.4	22	27.9	66.4	31	12918	31
Saint Georges	2001	11	21.6	30	20.3	11	33.7	30	34.7	25	27.6	25.8	30	11892	30
Saint Georges	2001	12	22.6	31	20.4	14	32.3	31	34.3	14	27.5	240.0	31	8610	31
Saint Georges	2002	1	22.1	31	19.7	16	29.8	31	32.6	7	26.0	320.6	31	5743	31
Saint Georges	2002	2	22.8	28	21.7	8	29.4	28	31.6	27	26.1	475.0	28	2172	28
Saint Georges	2002	3	22.6	31	21.1	3	29.8	31	31.4	24	26.2	519.6	31	1032	31
Saint Georges	2002	4	23.0	30	21.9	24	30.6	30	32.3	10	26.8	465.8	30		0
Saint Georges	2002	5	23.1	31	21.7	7	30.5	31	32.5	27	26.8	480.0	31	3450	18
Saint Georges	2002	6	22.4	30	21.5	10	30.6	30	32.7	26	26.5	620.3	30	6918	30
Saint Georges	2002	7	22.0	31	20.7	26	32.3	31	33.6	23	27.1	82.0	31	12376	31
Saint Georges	2002	8	21.6	31	20.4	16	32.2	31	34.1	20	26.9	116.4	31	11520	31
Saint Georges	2002	9	21.1	30	19.4	19	33.5	30	35.2	21	27.3	53.2	30	13968	30
Saint Georges	2002	10	21.1	31	19.5	10	34.0	31	35.2	25	27.5	23.2	31	13926	31
Saint Georges	2002	11	21.8	30	20.6	13	33.0	30	35.4	3	27.4	121.6	30	9636	30
Saint Georges	2002	12	22.7	31	20.3	28	29.8	31	31.3	5	26.2	433.0	31	3594	31
Saint Georges	2003	1	22.3	31	20.4	20	30.1	31	31.3	29	26.2	178.6	31	5370	31
Saint Georges	2003	2	22.3	28	20.2	12	29.7	28	31.9	13	26.0	286.4	28	3732	28
Saint Georges	2003	3	22.0	31	19.4	17	30.9	31	32.8	28	26.4	150.6	31	7494	31
Saint Georges	2003	4	22.7	30	20.1	7	30.5	30	32.4	1	26.6	365.0	30	5874	30
Saint Georges	2003	5	22.9	31	21.3	31	29.6	31	32.7	12	26.3	719.0	31	4062	31
Saint Georges	2003	6	22.4	30	21.4	29	31.3	30	33.0	25	26.9	359.4	30	7440	30
Saint Georges	2003	7	21.9	31	20.1	19	31.4	31	33.7	19	26.7	125.8	31	7110	31
Saint Georges	2003	8	21.4	31	20.5	1	33.2	31	35.1	26	27.3	159.4	31		0
Saint Georges	2003	9	21.8	30	20.8	15	34.1	30	35.1	2	27.9	46.0	30		0
Saint Georges	2003	10	21.6	31	20.0	6	34.2	31	36.1	15	27.9	74.4	31		0
Saint Georges	2003	11	22.2	30	20.6	29	33.3	30	34.8	5	27.7	87.8	30		0
Saint Georges	2003	12	22.0	31	20.2	19	31.7	31	34.1	1	26.9	88.2	31	9762	31
Saint Georges	2004	1	22.3	31	19.1	25	30.6	31	32.4	13	26.5	211.6	31	7512	31
Saint Georges	2004	2	22.2	29	19.4	5	30.1	29	32.2	23	26.2	248.2	29	5898	29
Saint Georges	2004	3	23.0	31	21.0	4	29.5	31	31.9	29	26.3	537.6	31	4272	31
Saint Georges	2004	4	22.9	30	21.6	7	30.6	30	33.1	4	26.8	695.2	30	6132	30
Saint Georges	2004	5	23.1	31	22.3	31	30.6	31	32.6	1	26.9	581.4	31	6630	31
Saint Georges	2004	6	22.2	30	20.5	8	30.4	30	32.4	19	26.3	486.4	30	8220	30
Saint Georges	2004	7	21.8	31	20.4	19	31.6	31	33.1	19	26.7	194.6	31	12006	31
Saint Georges	2004	8	21.2	31	20.5	22	32.7	31	34.4	26	27.0	53.4	31	15172	31
Saint Georges	2004	9	21.6	30	20.6	19	34.1	30	35.4	20	27.9	21.0	30	14844	30
Saint Georges	2004	10	21.8	31	20.8	8	34.1	31	35.2	4	28.0	73.6	31	14183	31
Saint Georges	2004	11	21.6	30	20.0	11	33.7	30	35.1	9	27.7	54.2	30	12436	30
Saint Georges	2004	12	21.8	31	20.0	2	33.3	31	35.2	3	27.6	147.6	31	11862	31
Saint Georges	2005	1	22.7	31	21.4	4	31.2	31	33.3	3	27.0	397.6	31	6868	31
Saint Georges	2005	2	23.2	28	21.1	13	30.5	28	32.8	9	26.9	287.4	28	5840	28
Saint Georges	2005	3	22.8	31	20.3	25	30.5	31	32.3	25	26.6	518.9	31		0
Saint Georges	2005	4	23.5	30	22.8	25	30.1	30	32.2	22	26.8	951.7	30		0
Saint Georges	2005	5	23.2	31	21.1	22	30.7	31	33.2	1	27.0	554.9	31		0
Saint Georges	2005	6	22.4	30	20.5	28	32.1	30	33.4	17	27.3	168.9	30		0
Saint Georges	2005	7	22.2	31	20.9	19	31.4	31	33.9	1	26.8	242.6	31		0
Saint Georges	2005	8	22.1	31	21.1	30	32.3	31	33.8	21	27.2	159.2	31		0
Saint Georges	2005	9	21.5	30	19.3	27	34.2	30	35.6	29	27.9	15.0	30		0
Saint Georges	2005	10	21.8	31	20.9	16	34.8	31	36.5	1	28.3	10.4	31		0
Saint Georges	2005	11	22.4	30	21.1	25	34.5	30	35.6	7	28.4	37.6	30		0
Saint Georges	2005	12	22.8	31	21.7	8	30.7	31	33.1	15	26.7	426.7	31		0
Saint Georges	2006	1	22.8	31	21.5	12	29.7	31	32.0	2	26.2	320.0	31		0
Saint Georges	2006	2	22.6	28	20.8	13	30.2	28	32.7	24	26.4	233.3	28		0
Saint Georges	2006	3	22.3	31	20.1	31	30.5	31	31.9	20	26.4	318.2	31		0
Saint Georges	2006	4	22.6	30	20.7	6	29.8	30	32.7	9	26.2	432.9	30		0
Saint Georges	2006	5	22.9	31	21.5	30	29.7	31	32.0	13	26.3	423.4	31		0
Saint Georges	2006	6	22.5	30	21.0	7	30.0	30	32.4	28	26.3	476.0	30		0
Saint Georges	2006	7	22.4	31	21.6	31	31.3	31	33.1	30	26.8	230.6	31		0
Saint Georges	2006	8	22.1	31	20.5	1	33.4	31	35.1	21	27.7	30.6	31		0
Saint Georges	2006	9	21.8	30	20.5	18	34.3	30	35.5	2	28.0	19.2	30		0
Saint Georges	2006	10	22.1	31	20.5	27	34.3	31	35.5	17	28.2	91.5	31		0
Saint Georges	2006	11	22.2	30	20.2	17	32.4	30	34.3	12	27.3	119.3	30		0
Saint Georges	2006	12	22.3	31	20.7	25	30.8	31	33.6	2	26.6	313.6	31		0
Saint Georges	2007	1	23.0	31	20.8	6	30.4	31	32.3	8	26.7	281.4	31		0
Saint Georges	2007	2	21.8	28	19.5	6	30.4	28	31.7	14	26.1	231.9	28		0
Saint Georges	2007	3	22.6	31	20.5	21	29.2	31	31.9	3	25.9	463.0	31		0
Saint Georges	2007	4	22.8	30	21.6	26	29.8	30	32.3	18	26.3	443.0	30		0
Saint Georges	2007	5	23.3	31	21.4	2	30.3	31	33.6	24	26.8	542.4	31		0
Saint Georges	2007	6	22.7	30	21.6	25	30.8	30	32.6	8	26.7	308.5	30		0
Saint Georges	2007	7	22.0	31	20.8	25	31.9	31	33.9	27	27.0	188.5	31		0
Saint Georges	2007	8	22.2	31	21.1	3	33.3	31	34.4	29	27.7	41.9	31		0
Saint Georges	2007	9	21.9	30	20.5	3	33.9	30	35.4	27	27.9	27.2	30		0
Saint Georges	2007	10	22.0	31	21.0	14	34.3	31	35.9	20	28.1	122.1	31		0
Saint Georges	2007	11	22.3	30	21.2	5	32.3	30	34.4	4	27.3	155.4	30		0
Saint Georges	2007	12	22.6	31	21.7	30	30.2	31	32.8	5	26.4	362.2	31		0
Saint Georges	2008	1	22.4	31	20.9	8	30.0	31	31.6	16	26.2	170.0	31		0
Saint Georges	2008	2	22.7	29	21.4	23	28.8	29	31.7	17	25.7	563.0	29		0
Saint Georges	2008	3	21.8	31	19.0	17	29.2	31	31.8	17	25.5	436.4	31		0
Saint Georges	2008	4	22.9	30	21.7	8	29.9	30	31.7	11	26.4	527.3	30		0
Saint Georges	2008	5	23.1	31	21.8	8	30.0	31	32.0	8	26.5	412.1	31		0
Saint Georges	2008	6	22.5	30	21.5	2	30.7	30	32.3	10	26.6	428.0	30		0
Saint Georges	2008	7	21.9	31	20.8	18	31.2	31	33.0	11	26.5	269.8	31		0
Saint Georges	2008	8	22.0	31	21.2	6	33.3	31	34.8	11	27.7	83.0	31		0
Saint Georges	2008	9	22.0	30	20.8	1	33.6	30	35.0	27	27.8	77.5	30		0
Saint Georges	2008	10	22.0	31	20.8	21	34.7	31	36.0	30	28.4	4.8	31		0
Saint Georges	2008	11	21.7	30	20.5	4	35.0	30	36.3	13	28.3	11.0	30		0
Saint Georges	2008	12	22.8	31	21.8	12	32.0	31	34.9	5	27.4	271.2	31		0
Saint Georges	2009	1	22.7	31	21.7	10	29.0	31	32.7	2	25.9	865.3	31		0
Saint Georges	2009	2	22.7	28	21.2	22	29.4	28	32.7	10	26.0	591.0	28		0
Saint Georges	2009	3	22.6	31	20.7	17	30.9	31	32.9	26	26.8	282.6	31		0
Saint Georges	2009	4	22.5	30	20.9	23	31.6	30	33.1	17	27.1	135.8	30		0
Saint Georges	2009	5	22.3	31	21.0	4	31.1	31	32.4	14	26.7	142.8	31		0
Saint Georges	2009	6	22.6	30	21.3	25	30.8	30	32.8	18	26.7	374.0	30		0
Saint Georges	2009	7	22.0	31	19.6	25	31.8	31	33.5	27	26.9	161.8	31		0
Saint Georges	2009	8	22.0	31	20.4	20	33.1	31	35.1	30	27.6	46.2	31		0
Saint Georges	2009	9	21.5	30	19.9	22	34.1	30	35.5	29	27.8	14.3	30		0
Saint Georges	2009	10	21.9	31	20.0	16	34.1	31	36.0	3	28.0	89.6	31		0
Saint Georges	2009	11	22.2	30	20.5	3	33.1	30	35.3	17	27.6	151.4	30		0
Saint Georges	2009	12	22.7	31	20.7	22	30.1	31	32.2	24	26.4	451.3	31		0
Saint Georges	2010	1	23.0	31	20.9	2	30.0	31	31.6	12	26.5	425.3	31		0
Saint Georges	2010	2	23.5	28	20.3	15	30.8	28	33.0	27	27.1	424.6	28		0
Saint Georges	2010	3	23.6	31	21.4	21	31.6	31	33.8	14	27.6	387.7	31		0
Saint Georges	2010	4	23.7	30	22.7	10	30.9	30	33.9	18	27.3	520.1	30		0
Saint Georges	2010	5	23.7	31	22.8	31	31.0	31	33.1	3	27.3	675.4	31		0
Saint Georges	2010	6	23.0	30	21.8	1	31.6	30	33.6	8	27.3	241.0	30		0
Saint Georges	2010	7	22.7	31	21.9	29	31.8	31	33.3	5	27.3	267.4	31		0
Saint Georges	2010	8	22.6	31	21.5	22	32.9	31	34.1	15	27.7	115.2	31		0
Saint Georges	2010	9	22.4	30	21.3	3	34.2	30	35.6	28	28.3	14.8	30		0
Saint Georges	2010	10	22.4	31	21.3	9	35.0	31	36.3	4	28.7	33.0	31		0
Saint Georges	2010	11	22.1	30	20.2	1	33.8	30	35.2	8	28.0	102.6	30		0
Saint Georges	2010	12	22.5	31	20.9	2	30.6	31	33.5	1	26.6	580.7	31		0
Saint Georges	2011	1	21.9	31	20.3	11	29.8	31	31.8	5	25.8	344.4	31		0
Saint Georges	2011	2	22.4	28	19.9	28	29.7	28	32.1	23	26.1	571.9	28		0
Saint Georges	2011	3	22.7	31	19.8	1	29.7	31	31.9	2	26.2	390.2	31		0
Saint Georges	2011	4	22.5	30	20.6	16	30.5	30	32.7	17	26.5	288.4	30		0
Saint Georges	2011	5	23.3	31	22.5	15	30.0	31	33.2	17	26.7	651.7	31		0
Saint Georges	2011	6	22.8	30	21.6	12	31.7	30	33.0	20	27.2	240.6	30		0
Saint Georges	2011	7	22.1	31	20.2	6	31.5	31	33.2	30	26.8	350.5	31		0
Saul	2001	1	21.1	31	19.0	10	30.1	31	32.6	28	25.6	270.2	31		
Saul	2001	2	21.5	28	20.2	1	30.5	28	32.0	3	26.0	225.2	28		
Saul	2001	3	21.2	31	18.6	18	31.6	31	33.4	18	26.4	177.5	31		
Saul	2001	4	21.8	30	19.0	19	31.6	30	34.6	20	26.7	314.3	30		
Saul	2001	5	22.0	31	20.3	26	31.1	31	33.1	26	26.5	518.4	31		
Saul	2001	6	21.4	30	19.6	7	32.0	30	33.5	25	26.7	239.8	30		
Saul	2001	7	20.7	31	19.0	8	32.8	31	35.0	31	26.7	227.1	31		
Saul	2001	8	21.0	31	19.4	23	33.1	31	34.6	29	27.0	72.1	31		
Saul	2001	9	20.8	30	19.0	30	34.0	30	35.0	5	27.4	202.8	30		
Saul	2001	10	20.7	31	19.0	6	34.2	31	35.1	6	27.5	69.6	31		
Saul	2001	11	21.3	30	19.5	11	33.7	30	34.7	2	27.5	115.0	30		
Saul	2001	12	22.5	31	21.2	26	33.0	31	34.5	2	27.7	124.8	31		
Saul	2002	1	21.4	31	19.9	12	31.7	31	34.0	11	26.6	184.8	31		
Saul	2002	2	22.0	28	20.6	5	30.6	28	33.6	23	26.3	321.5	28		
Saul	2002	3	22.1	31	20.6	26	31.7	31	33.6	2	26.9	327.3	31		
Saul	2002	4	22.4	30	21.0	29	32.1	30	35.0	16	27.2	395.0	30		
Saul	2002	5	22.3	31	20.5	10	31.8	31	34.0	24	27.1	259.3	31		
Saul	2002	6	21.3	30	20.2	10	32.1	30	34.4	2	26.7	322.6	30		
Saul	2002	7	20.9	31	18.5	27	33.3	31	34.6	7	27.1	64.3	31		
Saul	2002	8	20.8	31	18.9	17	33.2	31	35.0	26	27.0	144.6	31		
Saul	2002	9	20.6	30	18.4	20	34.2	30	35.4	19	27.4	51.7	30		
Saul	2002	10	20.4	31	18.5	11	34.8	31	36.5	31	27.6	36.4	31		
Saul	2002	11	21.2	30	20.0	7	33.9	30	35.1	1	27.5	130.0	30		
Saul	2002	12	21.8	31	19.5	20	31.6	31	33.5	3	26.7	247.4	31		
Saul	2003	1	21.5	31	20.2	28	31.3	31	33.4	4	26.4	165.9	31		
Saul	2003	2	21.6	28	19.6	11	31.3	28	33.2	14	26.5	205.3	28		
Saul	2003	3	21.8	31	20.1	19	32.5	31	34.6	19	27.1	199.5	31		
Saul	2003	4	22.1	30	20.1	8	31.9	30	34.0	23	27.0	338.8	30		
Saul	2003	5	22.5	31	21.0	14	31.1	31	34.0	10	26.8	346.9	31		
Saul	2003	6	21.5	30	20.4	18	32.3	30	34.0	25	26.9	255.5	30		
Saul	2003	7	20.9	31	19.7	23	32.7	31	35.0	18	26.8	207.7	31		
Saul	2003	8	20.7	31	19.4	14	33.9	31	35.4	25	27.3	73.5	31		
Saul	2003	9	21.0	30	19.5	11	34.6	30	35.6	2	27.8	102.0	30		
Saul	2003	10	20.9	31	18.6	6	34.4	31	36.0	13	27.7	59.7	31		
Saul	2003	11	21.7	29	19.5	6	33.7	30	35.0	4	27.7	109.2	30		
Saul	2003	12	21.8	31	20.0	25	32.4	31	34.0	2	27.1	163.7	31		
Saul	2004	1	21.8	31	19.1	25	32.2	31	34.6	19	27.0	137.7	31		
Saul	2004	2	22.0	29	19.0	5	31.7	29	33.4	1	26.9	175.8	29		
Saul	2004	3	22.1	31	20.4	5	30.6	31	33.2	24	26.4	464.4	31		
Saul	2004	4	22.5	30	20.0	20	31.8	30	34.5	4	27.1	481.3	30		
Saul	2004	5	22.5	31	20.9	8	32.4	31	34.3	18	27.5	283.2	31		
Saul	2004	6	21.2	30	19.5	30	31.8	30	33.1	19	26.5	260.8	30		
Saul	2004	7	21.0	31	19.5	19	33.3	31	34.5	22	27.1	260.6	31		
Saul	2004	8	20.5	31	19.0	19	33.8	31	35.2	30	27.1	96.2	31		
Saul	2004	9	21.4	30	19.6	5	34.9	30	36.1	25	28.2	56.3	30		
Saul	2004	10	21.3	31	19.9	14	34.8	31	36.0	26	28.0	136.7	31		
Saul	2004	11	21.3	30	19.5	11	34.6	30	35.6	7	28.0	26.3	30		
Saul	2004	12	21.5	31	20.1	19	34.8	31	37.0	2	28.2	110.8	31		
Saul	2005	1	21.9	31	19.6	4	33.2	31	34.5	1	27.5	206.8	31		
Saul	2005	2	22.4	28	20.2	13	32.6	28	35.0	7	27.5	202.6	28		
Saul	2005	3	22.1	31	19.5	24	32.5	31	35.0	23	27.3	298.3	31		
Saul	2005	4	22.7	30	21.4	12	32.2	30	35.1	20	27.5	592.8	30		
Saul	2005	5	22.7	31	21.5	30	33.0	31	34.5	25	27.9	321.2	31		
Saul	2005	6	21.4	30	19.9	16	33.5	30	35.5	16	27.4	139.3	30		
Saul	2005	7	21.2	31	19.5	23	33.3	31	34.8	6	27.3	241.7	31		
Saul	2005	8	21.2	31	20.0	30	34.3	31	36.0	10	27.7	123.1	31		
Saul	2005	9	20.8	30	19.5	26	35.5	30	37.0	21	28.2	31.6	30		
Saul	2005	10	21.2	31	19.5	17	35.5	31	37.0	2	28.3	110.3	31		
Saul	2005	11	21.9	30	20.5	2	34.4	30	36.0	21	28.1	199.4	30		
Saul	2005	12	21.6	31	20.5	8	32.8	31	34.1	15	27.2	379.8	31		
Saul	2006	1	21.4	31	20.0	13	31.8	31	34.0	11	26.6	370.8	31		
Saul	2006	2	21.5	28	19.6	15	32.0	28	35.0	18	26.8	188.6	28		
Saul	2006	3	21.9	31	19.4	31	32.9	31	34.6	22	27.4	194.5	31		
Saul	2006	4	21.6	30	19.0	22	32.3	30	35.0	11	26.9	354.4	30		
Saul	2006	5	22.0	31	20.3	21	32.3	31	34.5	24	27.1	350.0	31		
Saul	2006	6	21.4	30	19.7	21	32.1	30	34.0	8	26.7	283.3	30		
Saul	2006	7	21.3	31	19.2	31	32.8	31	34.5	30	27.0	219.0	31		
Saul	2006	8	21.0	31	19.0	1	34.0	31	36.0	30	27.5	197.6	31		
Saul	2006	9	21.0	30	18.9	26	35.1	30	36.5	2	28.1	97.2	30		
Saul	2006	10	21.3	31	18.4	27	35.2	31	36.0	4	28.3	55.5	31		
Saul	2006	11	21.1	30	18.6	17	33.7	30	35.5	5	27.4	166.1	30		
Saul	2006	12	21.5	31	20.4	2	32.2	31	34.1	4	26.8	190.6	31		
Saul	2007	1	22.2	31	20.4	7	31.6	31	33.5	8	26.9	231.0	31		
Saul	2007	2	20.9	28	18.5	19	31.9	28	33.0	1	26.4	110.4	28		
Saul	2007	3	22.1	31	19.5	11	31.3	31	33.5	21	26.7	402.4	31		
Saul	2007	4	22.4	30	20.9	30	32.3	30	34.0	9	27.3	228.9	30		
Saul	2007	5	22.5	31	21.2	24	32.2	31	35.0	9	27.4	357.0	31		
Saul	2007	6	21.6	30	20.0	11	32.1	30	33.5	8	26.9	300.4	30		
Saul	2007	7	21.0	31	19.5	3	33.4	31	35.0	16	27.2	131.5	31		
Saul	2007	8	21.3	31	19.5	13	34.3	31	35.5	29	27.8	104.5	31		
Saul	2007	9	21.1	30	19.4	3	34.8	30	35.9	22	28.0	102.7	30		
Saul	2007	10	21.3	31	19.5	24	35.0	31	36.7	19	28.2	74.8	31		
Saul	2007	11	21.6	30	20.4	5	34.2	30	36.0	3	27.9	129.8	30		
Saul	2007	12	22.0	31	21.0	9	31.4	31	34.1	21	26.7	287.2	31		
Saul	2008	1	22.0	31	21.5	4	31.0	31	33.5	11	26.5	173.4	31		
Saul	2008	2	21.8	29	20.5	22	30.9	29	33.5	27	26.3	322.7	29		
Saul	2008	3	21.2	31	18.2	17	30.9	31	34.0	15	26.0	227.9	31		
Saul	2008	4	22.1	30	20.5	1	31.6	30	34.0	8	26.9	235.8	30		
Saul	2008	5	22.0	31	20.7	9	31.7	31	33.5	5	26.9	416.6	31		
Saul	2008	6	21.7	30	20.5	26	32.5	30	34.0	21	27.1	406.7	30		
Saul	2008	7	21.0	31	19.5	29	32.5	31	34.6	21	26.7	233.8	31		
Saul	2008	8	21.2	31	20.0	5	34.4	31	36.5	11	27.8	165.4	31		
Saul	2008	9	20.9	30	19.4	8	35.0	30	36.4	28	27.9	62.3	30		
Saul	2008	10	21.1	31	19.2	4	35.5	31	37.2	30	28.3	41.1	31		
Saul	2008	11	21.5	30	19.4	4	35.6	30	37.0	7	28.5	13.9	30		
Saul	2008	12	21.6	31	20.5	17	32.7	31	34.4	15	27.2	159.9	31		
Saul	2009	1	22.0	31	20.4	1	30.8	31	33.8	8	26.4	316.0	31		
Saul	2009	2	21.9	28	20.6	19	31.1	28	33.6	2	26.5	334.1	28		
Saul	2009	3	22.0	31	19.1	15	32.1	31	34.5	17	27.1	246.3	31		
Saul	2009	4	22.0	30	19.5	23	32.7	30	34.6	24	27.3	133.6	30		
Saul	2009	5	21.6	31	19.4	4	32.5	31	34.0	19	27.0	171.5	31		
Saul	2009	6	21.9	30	20.0	25	32.5	30	34.8	17	27.2	367.9	30		
Saul	2009	7	20.2	31	17.9	25	33.6	31	36.0	28	26.9	134.6	31		
Saul	2009	8	20.9	31	18.6	10	34.5	31	35.6	29	27.7	75.1	31		
Saul	2009	9	20.6	30	17.1	22	35.4	30	36.4	24	28.0	44.3	30		
Saul	2009	10	20.8	31	17.6	23	35.9	31	37.6	4	28.3	69.8	31		
Saul	2009	11	21.2	30	18.0	3	34.7	30	36.1	15	28.0	90.5	30		
Saul	2009	12	22.3	31	20.4	30	32.3	31	33.8	5	27.3	288.9	31		
Saul	2010	1	22.3	31	20.2	3	32.2	31	34.9	27	27.3	263.5	31		
Saul	2010	2	22.6	28	19.5	15	32.5	28	35.6	28	27.6	304.0	28		
Saul	2010	3	22.5	31	20.3	23	33.6	31	36.6	12	28.1	311.8	31		
Saul	2010	4	22.7	30	21.8	11	33.9	30	36.9	19	28.3	472.2	30		
Saul	2010	5	23.2	31	21.6	3	33.1	31	35.5	19	28.2	409.6	31		
Saul	2010	6	21.8	30	20.0	21	33.5	30	35.6	6	27.6	377.2	30		
Saul	2010	7	21.1	31	19.2	31	33.7	31	35.0	7	27.4	201.1	31		
Saul	2010	8	21.4	31	20.2	1	34.0	31	35.3	26	27.7	239.9	31		
Saul	2010	9	21.6	30	19.7	2	34.9	30	35.9	3	28.2	165.9	30		
Saul	2010	10	21.3	31	19.6	6	35.1	31	36.9	26	28.2	43.2	31		
Saul	2010	11	21.0	30	18.7	8	34.5	30	36.4	4	27.8	80.4	30		
Saul	2010	12	21.7	31	20.2	23	32.5	31	34.8	8	27.1	225.5	31		
Saul	2011	1	21.4	31	18.5	11	31.8	31	34.0	24	26.6	202.7	31		
Saul	2011	2	21.8	28	18.5	28	32.1	28	34.5	23	27.0	294.4	28		
Saul	2011	3	22.0	31	20.8	1	31.8	31	34.0	2	26.9	396.1	31		
Saul	2011	4	22.0	30	19.4	17	32.7	30	34.3	28	27.3	249.5	30		
Saul	2011	5	22.7	31	20.6	20	32.3	31	34.0	17	27.5	412.1	31		
Saul	2011	6	21.7	30	19.4	13	33.0	30	34.6	20	27.3	179.8	30		
Saul	2011	7	20.8	31	18.4	6	33.1	31	35.2	17	26.9	260.0	31		
Camopi	2001	1	21.7	31	20.0	21	28.9	31	31.0	1	25.3	526.9	31		
Camopi	2001	2	22.1	28	20.5	1	30.2	28	33.5	13	26.2	343.2	28		
Camopi	2001	3	21.8	31	20.0	12	30.3	31	32.5	16	26.0	294.9	31		
Camopi	2001	4	22.1	30	20.0	19	30.5	30	32.0	26	26.3	396.3	30		
Camopi	2001	5	22.8	31	21.0	31	30.6	31	32.0	26	26.7	469.9	31		
Camopi	2001	6	22.1	30	20.5	22	31.0	30	31.5	4	26.5	272.3	30		
Camopi	2001	7	21.6	31	20.0	14	31.8	31	33.5	27	26.7	197.7	31		
Camopi	2001	8	21.7	31	21.0	1	32.5	31	34.0	26	27.1	145.9	31		
Camopi	2001	9	21.9	30	20.0	30	34.3	30	35.5	24	28.1	18.2	30		
Camopi	2001	10	21.8	31	20.0	6	34.7	31	36.0	23	28.2	164.4	31		
Camopi	2001	11	21.9	30	21.0	11	34.3	30	35.5	23	28.1	49.1	30		
Camopi	2001	12	22.9	31	21.0	14	33.4	31	35.0	1	28.2	225.2	31		
Camopi	2002	1	22.8	31	21.0	17	30.9	31	34.5	14	26.8	258.3	31		
Camopi	2002	2	22.7	28	20.5	1	30.1	28	32.5	23	26.4	344.0	28		
Camopi	2002	3	23.1	31	21.5	7	30.5	31	32.5	11	26.8	288.0	31		
Camopi	2002	4	23.0	30	22.0	28	31.2	30	33.0	12	27.1	479.8	30		
Camopi	2002	5	23.1	31	22.0	30	30.8	31	33.0	26	27.0	300.6	31		
Camopi	2002	6	22.5	30	21.5	18	30.7	30	31.5	2	26.6	296.8	30		
Camopi	2002	7	21.9	31	20.5	29	32.0	31	35.5	24	26.9	90.2	31		
Camopi	2002	8	21.8	31	20.0	15	32.6	31	34.5	26	27.2	120.5	31		
Camopi	2002	9	21.7	30	20.5	19	34.2	30	35.5	7	27.9	58.2	30		
Camopi	2002	10	21.5	31	20.5	8	35.2	31	37.0	31	28.3	11.1	31		
Camopi	2002	11	22.3	30	21.5	6	33.7	30	34.5	23	28.0	82.1	30		
Camopi	2002	12	22.8	31	21.0	30	30.5	31	34.0	3	26.7	305.6	31		
Camopi	2003	1	22.6	31	21.0	20	30.3	31	32.5	25	26.4	226.6	31		
Camopi	2003	2	22.0	28	21.5	28	30.7	28	31.5	9	26.3	192.8	28		
Camopi	2003	3	22.7	31	21.0	17	31.4	31	34.0	19	27.0	212.7	31		
Camopi	2003	4	22.9	30	21.0	9	30.4	30	33.5	7	26.6	442.6	30		
Camopi	2003	5	23.1	31	20.0	22	30.3	31	32.5	20	26.7	474.0	31		
Camopi	2003	6	22.6	30	21.5	22	31.3	30	32.5	26	27.0	194.2	30		
Camopi	2003	7	22.0	31	21.0	19	31.2	31	32.5	19	26.6	265.9	31		
Camopi	2003	8	22.1	31	21.0	1	33.3	31	35.0	25	27.7	51.4	31		
Camopi	2003	9	22.3	30	21.5	5	34.5	30	35.5	1	28.4	34.5	30		
Camopi	2003	10	22.1	31	21.0	6	34.8	31	36.5	11	28.4	43.6	31		
Camopi	2003	11	22.6	30	21.0	1	33.8	30	36.0	2	28.2	129.0	30		
Camopi	2003	12	22.6	31	21.0	2	32.3	31	34.5	2	27.5	193.0	31		
Camopi	2004	1	22.7	31	20.5	25	31.8	31	34.5	20	27.3	184.4	31		
Camopi	2004	2	22.8	29	21.0	5	30.3	29	33.0	22	26.6	225.4	29		
Camopi	2004	3	23.3	31	22.0	5	29.4	31	32.0	24	26.3	461.2	31		
Camopi	2004	4	23.4	30	22.0	25	31.8	30	34.5	5	27.6	431.4	30		
Camopi	2004	5	23.1	31	22.0	21	30.2	31	32.5	13	26.7	332.5	31		
Camopi	2004	6	22.3	30	21.5	26	31.0	30	35.5	12	26.6	320.7	30		
Camopi	2004	7	21.9	31	20.5	19	31.5	31	33.5	19	26.7	187.5	31		
Camopi	2004	8	21.8	31	20.5	4	32.7	31	34.5	25	27.2	84.2	31		
Camopi	2004	9	22.2	30	21.5	12	34.7	30	36.0	20	28.5	30.5	30		
Camopi	2004	10	22.2	31	20.5	8	35.1	31	36.5	17	28.7	67.2	31		
Camopi	2004	11	22.1	30	21.0	11	34.8	30	35.5	2	28.5	9.6	30		
Camopi	2004	12	22.3	31	21.0	2	34.5	31	37.0	5	28.4	70.5	31		
Camopi	2005	1	23.0	31	22.0	1	31.7	31	33.5	3	27.4	291.4	31		
Camopi	2005	2	23.5	28	22.0	14	30.5	28	33.0	6	27.0	223.0	28		
Camopi	2005	3	23.0	31	21.5	26	30.6	31	33.0	14	26.8	372.7	31		
Camopi	2005	4	23.5	30	22.5	28	30.0	30	32.5	24	26.8	547.3	30		
Camopi	2005	5	23.9	31	23.0	3	31.0	31	32.0	3	27.4	362.3	31		
Camopi	2005	6	22.5	30	21.5	28	31.7	30	32.5	15	27.1	157.2	30		
Camopi	2005	7	22.1	31	21.0	30	31.4	31	33.0	26	26.7	181.3	31		
Camopi	2005	8	22.2	31	20.5	16	32.6	31	34.5	21	27.4	83.5	31		
Camopi	2005	9	22.1	30	21.0	13	34.0	30	35.5	24	28.0	26.8	30		
Camopi	2005	10	22.4	31	22.0	4	34.9	31	36.0	30	28.7	37.7	31		
Camopi	2005	11	22.7	30	22.0	1	34.7	30	36.0	24	28.7	45.0	30		
Camopi	2005	12	22.7	31	21.5	13	31.9	31	33.5	8	27.3	296.0	31		
Camopi	2006	1	22.2	31	20.0	18	30.7	31	33.0	29	26.5	408.6	31		
Camopi	2006	2	22.6	28	21.5	24	30.1	28	31.5	2	26.3	198.3	28		
Camopi	2006	3	22.3	31	21.0	31	30.8	31	32.0	9	26.5	266.5	31		
Camopi	2006	4	22.7	30	21.5	22	30.4	30	32.5	9	26.6	374.1	30		
Camopi	2006	5	23.2	31	22.0	30	30.3	31	32.0	6	26.8	391.8	31		
Camopi	2006	6	22.3	30	21.0	21	30.5	30	31.5	7	26.4	387.9	30		
Camopi	2006	7	22.5	31	21.0	6	31.3	31	32.5	9	26.9	192.8	31		
Camopi	2006	8	22.4	31	21.0	20	33.0	31	34.5	20	27.7	37.3	31		
Camopi	2006	9	22.8	30	21.5	1	34.5	30	36.0	2	28.7	19.3	30		
Camopi	2006	10	22.7	31	21.0	27	34.9	31	36.5	18	28.8	107.5	31		
Camopi	2006	11	22.7	30	20.0	10	34.5	30	36.5	5	28.6	131.8	30		
Camopi	2006	12	23.0	31	21.0	3	31.7	31	34.5	1	27.3	172.4	31		
Camopi	2007	1	23.0	31	22.0	18	31.5	31	33.5	5	27.2	254.2	31		
Camopi	2007	2	22.1	28	21.0	27	31.1	28	32.0	6	26.6	259.0	28		
Camopi	2007	3	22.0	31	20.5	26	30.8	31	32.0	17	26.4	404.5	31		
Camopi	2007	4	22.7	30	19.5	30	31.4	30	32.5	20	27.1	354.7	30		
Camopi	2007	5		0			30.9	31	32.5	8		477.6	31		
Camopi	2007	6		0			30.7	30	33.0	10		384.5	30		
Camopi	2007	7	21.9	31	20.5	14	32.1	31	33.5	28	27.0	220.2	31		
Camopi	2007	8	22.4	31	21.0	1	33.2	31	34.5	31	27.8	113.5	31		
Camopi	2007	9	22.3	30	21.0	3	34.0	30	35.5	22	28.2	37.2	30		
Camopi	2007	10	22.1	31	21.0	23	35.3	31	37.0	25	28.7	72.3	31		
Camopi	2007	11	22.6	30	21.5	1	34.2	30	36.0	6	28.4	145.5	30		
Camopi	2007	12	22.3	31	21.0	20	31.9	31	34.0	4	27.1	266.6	31		
Camopi	2008	1	21.2	31	20.0	9	31.0	31	32.5	16	26.1	202.9	31		
Camopi	2008	2	22.4	29	21.5	22	30.6	29	33.0	27	26.5	373.7	29		
Camopi	2008	3	22.6	31	21.0	10	32.2	31	34.5	26	27.4	256.0	31		
Camopi	2008	4	22.3	30	19.0	13	32.4	30	34.0	1	27.4	635.7	30		
Camopi	2008	5	22.0	31	21.0	9	32.0	31	34.0	6	27.0	371.7	31		
Camopi	2008	6	21.9	30	20.0	1	31.6	30	32.5	6	26.8	228.3	30		
Camopi	2008	7	21.6	31	20.0	29	33.4	31	34.5	6	27.5	200.2	31		
Camopi	2008	8	21.5	31	20.0	2	33.8	31	35.0	11	27.6	160.8	31		
Camopi	2008	9	21.6	30	19.0	18	33.7	30	35.5	22	27.6	48.9	30		
Camopi	2008	10	22.4	31	20.0	20	35.0	31	36.5	29	28.7	21.2	31		
Camopi	2008	11	22.2	30	21.0	6	35.7	30	37.0	7	29.0	12.5	30		
Camopi	2008	12	22.6	31	22.0	4	33.5	31	36.0	6	28.1	249.8	31		
Camopi	2009	1	22.5	31	21.5	11	30.2	31	33.0	1	26.4	480.3	31		
Camopi	2009	2	22.3	28	21.5	27	29.6	28	34.0	9	26.0	522.1	28		
Camopi	2009	3	22.5	31	20.5	2	31.3	31	34.0	15	26.9	394.9	31		
Camopi	2009	4	22.3	30	21.0	25	31.7	30	34.0	4	27.0	140.5	30		
Camopi	2009	5	22.2	31	21.0	5	31.0	31	32.5	11	26.6	247.8	31		
Camopi	2009	6	22.2	30	20.5	26	31.3	30	32.0	5	26.8	357.1	30		
Camopi	2009	7	21.6	31	19.5	25	31.9	31	33.0	28	26.8	152.1	31		
Camopi	2009	8	21.9	31	20.5	5	32.9	31	37.0	26	27.4	116.7	31		
Camopi	2009	9	21.7	30	20.5	22	34.2	30	36.0	22	28.0	27.0	30		
Camopi	2009	10	22.0	31	20.5	15	35.5	31	37.0	2	28.8	69.1	31		
Camopi	2009	11	22.6	30	20.5	17	34.4	30	36.0	9	28.5	82.2	30		
Camopi	2009	12	22.9	31	21.5	29	31.1	31	33.5	30	27.0	269.5	31		
Camopi	2010	1	22.9	31	21.5	1	30.8	31	34.0	27	26.8	413.9	31		
Camopi	2010	2	23.0	28	20.5	14	30.9	28	32.5	24	26.9	341.3	28		
Camopi	2010	3	22.6	31	20.5	21	32.0	31	34.5	11	27.3	341.8	31		
Camopi	2010	4	23.6	16	23.0	25	32.1	30	34.0	18	27.7	442.5	30		
Camopi	2010	5	23.9	31	23.0	31	31.5	31	33.0	8	27.7	436.5	31		
Camopi	2010	6	22.9	30	22.0	10	31.7	30	33.5	9	27.3	297.7	30		
Camopi	2010	7	22.5	31	21.0	17	31.7	31	33.0	7	27.1	335.5	31		
Camopi	2010	8	22.5	31	21.0	14	32.7	31	34.0	26	27.6	200.0	31		
Camopi	2010	9	22.7	30	22.0	2	34.2	30	36.0	27	28.5	169.4	30		
Camopi	2010	10	22.8	31	22.0	3	35.1	31	36.0	14	28.9	82.2	31		
Camopi	2010	11	22.5	30	21.0	7	34.3	30	36.0	1	28.4	99.2	30		
Camopi	2010	12	22.7	31	21.5	28	31.8	31	33.5	1	27.2	342.6	31		
Camopi	2011	1	22.4	31	21.5	8	30.6	29	33.0	2	26.5	232.6	31		
Camopi	2011	2	22.8	28	21.0	28	30.2	28	33.5	26	26.5	364.3	28		
Camopi	2011	3	22.6	31	20.5	1	30.6	31	33.0	1	26.6	368.6	31		
Camopi	2011	4	22.7	30	21.5	22	30.9	30	33.5	18	26.8	281.9	30		
Camopi	2011	5	23.5	31	22.5	24	31.0	31	33.5	17	27.2	511.2	31		
Camopi	2011	6	22.7	30	21.0	13	31.5	30	33.0	30	27.1	234.4	30		
Camopi	2011	7	21.9	31	20.5	6	31.2	31	32.5	2	26.6	214.1	31		
Nouragues	2001	1													
Nouragues	2001	2													
Nouragues	2001	3													
Nouragues	2001	4													
Nouragues	2001	5													
Nouragues	2001	6													
Nouragues	2001	7													
Nouragues	2001	8													
Nouragues	2001	9													
Nouragues	2001	10													
Nouragues	2001	11													
Nouragues	2001	12													
Nouragues	2002	1													
Nouragues	2002	2													
Nouragues	2002	3													
Nouragues	2002	4													
Nouragues	2002	5													
Nouragues	2002	6													
Nouragues	2002	7													
Nouragues	2002	8													
Nouragues	2002	9													
Nouragues	2002	10													
Nouragues	2002	11													
Nouragues	2002	12													
Nouragues	2003	1	22.14074074				30.72					129.10			
Nouragues	2003	2	22.28928571				30.13					193.20			
Nouragues	2003	3	21.98387097				31.68					154.80			
Nouragues	2003	4	22.6				30.63					385.50			
Nouragues	2003	5	22.92580645				29.76					521.10			
Nouragues	2003	6													
Nouragues	2003	7													
Nouragues	2003	8													
Nouragues	2003	9													
Nouragues	2003	10	21.83870968				32.73					152.70			
Nouragues	2003	11													
Nouragues	2003	12													
Nouragues	2004	1	21.77857143				32.91								
Nouragues	2004	2	22.13793103				30.92					163.30			
Nouragues	2004	3	22.88709677				29.35					420.90			
Nouragues	2004	4	22.95333333				31.42					495.90			
Nouragues	2004	5	22.88064516				30.47					507.50			
Nouragues	2004	6	22.07333333				30.36					289.50			
Nouragues	2004	7	21.7				31.49					212.50			
Nouragues	2004	8	21.35263158				31.98								
Nouragues	2004	9	22.14444444				35.15								
Nouragues	2004	10	22.10645161				34.95					122.10			
Nouragues	2004	11	22.18095238				34.80					29.20			
Nouragues	2004	12					35.00								
Nouragues	2005	1					31.90								
Nouragues	2005	2					31.27					190.30			
Nouragues	2005	3					30.86					317.10			
Nouragues	2005	4					30.05					746.50			
Nouragues	2005	5					30.89					261.50			
Nouragues	2005	6					32.31								
Nouragues	2005	7					31.34					279.40			
Nouragues	2005	8	21.9516129				32.65					182.30			
Nouragues	2005	9	22.15666667				34.98					20.00			
Nouragues	2005	10	22.39032258				35.62					18.80			
Nouragues	2005	11	22.68333333				34.80					81.50			
Nouragues	2005	12	22.45				31.91								
Nouragues	2006	1	22.9				30.77								
Nouragues	2006	2	22.425				30.09					309.10			
Nouragues	2006	3	22.33870968				30.98					274.60			
Nouragues	2006	4	22.24				29.86					309.20			
Nouragues	2006	5	22.73529412				30.07								
Nouragues	2006	6													
Nouragues	2006	7	22.21111111				31.02					185.50			
Nouragues	2006	8	22.23870968				33.29					102.50			
Nouragues	2006	9	22.15				34.79					69.40			
Nouragues	2006	10	22.06666667				34.78					66.70			
Nouragues	2006	11													
Nouragues	2006	12	22.24579074				30.86					252.91			
Nouragues	2007	1	22.66968929				30.49					226.92			
Nouragues	2007	2	21.66428571				31.45					57.00			
Nouragues	2007	3	22.31612903				29.99					379.60			
Nouragues	2007	4	22.78				30.26					266.50			
Nouragues	2007	5	23.1				30.51					323.50			
Nouragues	2007	6	22.3594411									332.94			
Nouragues	2007	7	21.93213687									177.55			
Nouragues	2007	8	21.94516129				33.65					94.70			
Nouragues	2007	9	21.86333333				33.78					105.10			
Nouragues	2007	10	21.91612903				34.31					171.41			
Nouragues	2007	11	22.08965517				33.10					127.17			
Nouragues	2007	12	22.5529231				30.48					238.32			
Nouragues	2008	1	22.0895849				30.04					144.64			
Nouragues	2008	2	22.37241379				28.88					391.50			
Nouragues	2008	3	21.64516129				29.52					370.50			
Nouragues	2008	4	22.76				30.08					266.10			
Nouragues	2008	5	22.54193548				29.97					380.60			
Nouragues	2008	6	22.24736842				30.56					384.00			
Nouragues	2008	7	21.62258065				31.04					279.70			
Nouragues	2008	8	22.02903226				33.94					86.40			
Nouragues	2008	9	21.94666667				34.22					58.70			
Nouragues	2008	10	22.1483871				35.07					52.30			
Nouragues	2008	11	22.24				35.11					39.80			
Nouragues	2008	12													
Nouragues	2009	1													
Nouragues	2009	2	22.47142857				29.84					368.30			
Nouragues	2009	3	22.40967742				31.30					215.50			
Nouragues	2009	4													
Nouragues	2009	5													
Nouragues	2009	6													
Nouragues	2009	7													
Nouragues	2009	8	22.06536213				34.05					79.00			
Nouragues	2009	9													
Nouragues	2009	10													
Nouragues	2009	11	22.4553902				33.57					263.96			
Nouragues	2009	12	22.59453658				30.86								
Nouragues	2010	1	22.7125				30.87					360.60			
Nouragues	2010	2	23.09285714				31.39					403.20			
Nouragues	2010	3	23.28387097				32.18					389.30			
Nouragues	2010	4	22.7				32.23					394.10			
Nouragues	2010	5					31.45					340.24			
Nouragues	2010	6	22.65682371				31.92					308.82			
Nouragues	2010	7					31.72					350.60			
Nouragues	2010	8					33.04					145.50			
Nouragues	2010	9					35.02					98.50			
Nouragues	2010	10					35.91					68.10			
Nouragues	2010	11	22.3331273				34.22					164.46			
Nouragues	2010	12					32.45								
Nouragues	2011	1	21.84156383				30.48								
Nouragues	2011	2					30.31					277.80			
Nouragues	2011	3	22.52373155				30.28					409.90			
Nouragues	2011	4	22.5539065				30.98					266.60			
Nouragues	2011	5	23.25196752				30.41					425.40			
Nouragues	2011	6					31.90					174.50			
Nouragues	2011	7					32.12					110.60			
Regina	2001	1										474.1	31		
Regina	2001	2										218.9	28		
Regina	2001	3										267.5	31		
Regina	2001	4										582.2	30		
Regina	2001	5										720.6	31		
Regina	2001	6										492.3	30		
Regina	2001	7										290.9	31		
Regina	2001	8										182.1	31		
Regina	2001	9										59.3	30		
Regina	2001	10										87.4	31		
Regina	2001	11										95.0	30		
Regina	2001	12										451.5	31		
Regina	2002	1										436.9	31		
Regina	2002	2										354.9	28		
Regina	2002	3										496.9	31		
Regina	2002	4										607.6	30		
Regina	2002	5										461.7	31		
Regina	2002	6										492.8	30		
Regina	2002	7										59.9	31		
Regina	2002	8										237.8	31		
Regina	2002	9										195.4	30		
Regina	2002	10										59.7	31		
Regina	2002	11										155.0	30		
Regina	2002	12										395.5	31		
Regina	2003	1										200.0	31		
Regina	2003	2										279.8	28		
Regina	2003	3										136.3	31		
Regina	2003	4										387.3	30		
Regina	2003	5										834.8	31		
Regina	2003	6										482.4	30		
Regina	2003	7										210.5	31		
Regina	2003	8										73.7	31		
Regina	2003	9										135.1	30		
Regina	2003	10										74.2	31		
Regina	2003	11										237.9	30		
Regina	2003	12										153.5	31		
Regina	2004	1										233.9	31		
Regina	2004	2										207.4	29		
Regina	2004	3										482.4	31		
Regina	2004	4										709.4	30		
Regina	2004	5										651.7	31		
Regina	2004	6										456.5	30		
Regina	2004	7										340.4	31		
Regina	2004	8										81.9	31		
Regina	2004	9										100.4	30		
Regina	2004	10										80.6	31		
Regina	2004	11										114.5	30		
Regina	2004	12										96.1	31		
Regina	2005	1										364.8	31		
Regina	2005	2										228.3	28		
Regina	2005	3										434.7	31		
Regina	2005	4										856.2	30		
Regina	2005	5										393.4	31		
Regina	2005	6										260.9	30		
Regina	2005	7										194.9	31		
Regina	2005	8										227.5	31		
Regina	2005	9										17.9	30		
Regina	2005	10										44.6	31		
Regina	2005	11										128.7	30		
Regina	2005	12										701.4	31		
Regina	2006	1										662.5	31		
Regina	2006	2										270.1	28		
Regina	2006	3										364.9	31		
Regina	2006	4										571.7	30		
Regina	2006	5										620.8	31		
Regina	2006	6										453.1	30		
Regina	2006	7										368.4	31		
Regina	2006	8										104.0	31		
Regina	2006	9										36.7	30		
Regina	2006	10										188.6	31		
Regina	2006	11										229.0	30		
Regina	2006	12										559.6	31		
Regina	2007	1										376.4	31		
Regina	2007	2										238.4	28		
Regina	2007	3										538.4	31		
Regina	2007	4										474.1	30		
Regina	2007	5										668.0	31		
Regina	2007	6										473.9	30		
Regina	2007	7										309.8	31		
Regina	2007	8										118.1	31		
Regina	2007	9										75.5	30		
Regina	2007	10										67.9	31		
Regina	2007	11										124.8	30		
Regina	2007	12										471.0	31		
Regina	2008	1										180.7	31		
Regina	2008	2										688.9	29		
Regina	2008	3										626.2	31		
Regina	2008	4										563.4	30		
Regina	2008	5										640.6	31		
Regina	2008	6										498.0	30		
Regina	2008	7										337.6	31		
Regina	2008	8										159.8	31		
Regina	2008	9										104.6	30		
Regina	2008	10										33.9	31		
Regina	2008	11										43.4	30		
Regina	2008	12										267.3	31		
Regina	2009	1										784.9	31		
Regina	2009	2										605.0	28		
Regina	2009	3										306.8	31		
Regina	2009	4										295.9	30		
Regina	2009	5										195.4	31		
Regina	2009	6										370.3	30		
Regina	2009	7										173.7	31		
Regina	2009	8										133.1	31		
Regina	2009	9										25.6	30		
Regina	2009	10										124.3	31		
Regina	2009	11										184.4	30		
Regina	2009	12										343.9	31		
Regina	2010	1										356.1	31		
Regina	2010	2										400.2	28		
Regina	2010	3										372.4	31		
Regina	2010	4										453.0	30		
Regina	2010	5										552.5	31		
Regina	2010	6										354.2	30		
Regina	2010	7										348.4	31		
Regina	2010	8										181.1	31		
Regina	2010	9										89.3	30		
Regina	2010	10										14.6	31		
Regina	2010	11										116.2	30		
Regina	2010	12										414.8	31		
Regina	2011	1										247.9	31		
Regina	2011	2										504.4	28		
Regina	2011	3										572.3	31		
Regina	2011	4										217.9	30		
Regina	2011	5										514.3	31		
Regina	2011	6										275.9	30		
Regina	2011	7										235.8	31		
Roura	2001	1										454.1	31		
Roura	2001	2										286.1	28		
Roura	2001	3										181.3	31		
Roura	2001	4										385.5	30		
Roura	2001	5										829.7	31		
Roura	2001	6										530.1	30		
Roura	2001	7										364.8	31		
Roura	2001	8										183.2	31		
Roura	2001	9										121.0	30		
Roura	2001	10										189.0	31		
Roura	2001	11										197.7	30		
Roura	2001	12										360.2	31		
Roura	2002	1										517.1	31		
Roura	2002	2										413.1	28		
Roura	2002	3										614.3	31		
Roura	2002	4										727.8	30		
Roura	2002	5										623.1	31		
Roura	2002	6										439.2	30		
Roura	2002	7										194.5	31		
Roura	2002	8										138.9	31		
Roura	2002	9										58.1	30		
Roura	2002	10										57.9	31		
Roura	2002	11										257.1	30		
Roura	2002	12										451.1	31		
Roura	2003	1										170.0	31		
Roura	2003	2										238.4	28		
Roura	2003	3										191.7	31		
Roura	2003	4										343.6	30		
Roura	2003	5										653.6	31		
Roura	2003	6										440.2	30		
Roura	2003	7										280.0	31		
Roura	2003	8										60.0	31		
Roura	2003	9										124.6	30		
Roura	2003	10										77.7	31		
Roura	2003	11										174.5	30		
Roura	2003	12										321.6	31		
Roura	2004	1										233.2	31		
Roura	2004	2										156.4	29		
Roura	2004	3										441.0	31		
Roura	2004	4										613.5	30		
Roura	2004	5										513.0	31		
Roura	2004	6										459.5	30		
Roura	2004	7										297.0	31		
Roura	2004	8										115.0	31		
Roura	2004	9										87.5	30		
Roura	2004	10										63.5	31		
Roura	2004	11										79.5	30		
Roura	2004	12										88.2	31		
Roura	2005	1										561.0	31		
Roura	2005	2										289.0	28		
Roura	2005	3										424.5	31		
Roura	2005	4										884.5	30		
Roura	2005	5										459.5	31		
Roura	2005	6										249.5	30		
Roura	2005	7										173.6	31		
Roura	2005	8										161.0	31		
Roura	2005	9										79.5	30		
Roura	2005	10										17.0	31		
Roura	2005	11										139.5	30		
Roura	2005	12										527.5	31		
Roura	2006	1										943.5	31		
Roura	2006	2										275.0	28		
Roura	2006	3										370.5	31		
Roura	2006	4										433.5	30		
Roura	2006	5										710.0	31		
Roura	2006	6										582.0	30		
Roura	2006	7										440.0	31		
Roura	2006	8										158.0	31		
Roura	2006	9										67.0	30		
Roura	2006	10										208.0	31		
Roura	2006	11										235.5	30		
Roura	2006	12										488.0	31		
Roura	2007	1										307.0	31		
Roura	2007	2										166.0	28		
Roura	2007	3										556.5	31		
Roura	2007	4										706.0	30		
Roura	2007	5										709.5	31		
Roura	2007	6										405.0	30		
Roura	2007	7										330.0	31		
Roura	2007	8										201.5	31		
Roura	2007	9										72.5	30		
Roura	2007	10										129.5	31		
Roura	2007	11										162.0	30		
Roura	2007	12										480.0	31		
Roura	2008	1										264.5	31		
Roura	2008	2										659.0	29		
Roura	2008	3										444.5	31		
Roura	2008	4										624.5	30		
Roura	2008	5										874.5	31		
Roura	2008	6										399.4	30		
Roura	2008	7										521.7	31		
Roura	2008	8										76.0	31		
Roura	2008	9										64.5	30		
Roura	2008	10										28.5	31		
Roura	2008	11										39.5	30		
Roura	2008	12										420.0	31		
Roura	2009	1										866.5	31		
Roura	2009	2										577.5	28		
Roura	2009	3										456.0	31		
Roura	2009	4										379.5	30		
Roura	2009	5										313.0	31		
Roura	2009	6										476.5	30		
Roura	2009	7										242.5	31		
Roura	2009	8										69.0	31		
Roura	2009	9										21.0	30		
Roura	2009	10										75.0	31		
Roura	2009	11										130.0	30		
Roura	2009	12										387.0	31		
Roura	2010	1										348.5	31		
Roura	2010	2										270.5	28		
Roura	2010	3										244.0	31		
Roura	2010	4										566.5	30		
Roura	2010	5										668.5	31		
Roura	2010	6										389.0	30		
Roura	2010	7										405.5	31		
Roura	2010	8										181.0	31		
Roura	2010	9										115.0	30		
Roura	2010	10										24.0	31		
Roura	2010	11										122.5	30		
Roura	2010	12										519.5	31		
Roura	2011	1										256.5	31		
Roura	2011	2										578.5	28		
Roura	2011	3										543.0	31		
Roura	2011	4										191.0	30		
Roura	2011	5										824.0	31		
Roura	2011	6										451.5	30		
Roura	2011	7										244.0	31		
