"sp"	"cycle"	"year1"	"year2"	"peakdays"	"CI2peakday"	"CI97peakday"	"peak"	"CI2peak"	"CI97peak"
"Acacia tenuifolia"	1	2001	2002	310.141194104359	302.485753900251	317.759730175817	245.815695246534	215.199919631662	277.980410506816
"Acacia tenuifolia"	2	2002	2003	285.970062982691	281.158394326212	290.570736604037	698.43477945776	649.353877131619	749.934276345198
"Acacia tenuifolia"	3	2003	2004	300.149356763937	287.154356329094	313.004178834907	89.2322010988946	71.6499392488533	108.160808015999
"Acacia tenuifolia"	4	2004	2005	219.571520533223	199.314261782132	239.821624930865	52.1310198825261	37.6271571378102	69.7896806688272
"Acacia tenuifolia"	5	2005	2006	404.765499551203	386.383531296348	423.264444557889	41.8051718571367	30.2261139975351	55.0132106893276
"Acacia tenuifolia"	6	2006	2007	212.228852150579	182.84083367277	239.001635157825	80.1607874545706	52.1335053700272	120.472688342218
"Acacia tenuifolia"	7	2007	2008	314.368300741962	150.121948091383	469.624699976156	0.0866753718075102	4.60283002831001e-07	0.709717243751609
"Acacia tenuifolia"	8	2008	2009	446.349721177994	414.966970311479	478.887788641007	17.0560756240682	10.1440017454272	26.2344601530255
"Acacia tenuifolia"	9	2009	2010	395.976446422511	366.093111749708	430.371476528563	24.6447268422537	14.8929423130733	37.8135028067734
"Arrabidaea chica"	1	2001	2002	154.705637554876	148.503716066846	161.096123274639	53.4493049510234	39.4071164288157	68.7942116922713
"Arrabidaea chica"	2	2002	2003	135.067681636752	125.116247099762	144.471227098788	23.1188683340066	15.0240024565899	32.3964239718758
"Arrabidaea chica"	3	2003	2004	100.394613342872	97.994855292191	102.928217879372	327.369609999027	293.479132098396	364.834748955911
"Arrabidaea chica"	4	2004	2005	152.98556124165	141.047935703367	165.381609414102	14.1809977592524	7.86302857546947	22.4749801384857
"Arrabidaea chica"	5	2005	2006	108.876483424422	107.057896776041	110.836853900908	579.303910592425	533.145886137741	625.791887886191
"Arrabidaea chica"	6	2006	2007	176.055432580701	168.214760286273	183.809222800286	73.2252686361089	58.2234834169851	90.410468467893
"Arrabidaea chica"	7	2008	2008	97.8595242622656	94.5087448101091	101.002766412477	203.362052846767	175.301816964378	232.748729715609
"Arrabidaea chica"	8	2008	2009	125.565257455822	117.75610124677	133.374641944262	83.8063264521318	66.7934367266244	102.942757728132
"Arrabidaea chica"	9	2009	2010	75.5969495590385	67.3200822170067	83.831852742183	29.2711872493013	19.526122805465	41.2797678315375
"Bauhinia guianensis"	1	2001	2002	67.340923170928	59.2698192344499	75.2221407368045	42.0775446023042	30.8987133846073	55.9703456311339
"Bauhinia guianensis"	2	2002	2003	153.88390205186	139.024527186266	169.511621048721	12.0117253560606	6.1378114580103	19.529149306213
"Bauhinia guianensis"	3	2003	2004	167.497732423193	157.382422794481	177.477796489048	29.1851967453083	20.1948922899601	40.1461782930603
"Bauhinia guianensis"	4	2004	2005	121.015369609923	74.226815802115	166.823292121322	1.1322499284804	0.0372933378973721	4.0087435147504
"Bauhinia guianensis"	5	2005	2006	123.995350481057	104.672476906325	143.831577117805	7.18072497032062	2.76442922890778	13.2241046098569
"Bauhinia guianensis"	6	2007	2007	133.671526993681	2.41250298301386	254.865794346729	0.180393523832019	2.44049614372161e-05	1.4750790712951
"Bauhinia guianensis"	7	2008	2008	131.047846368261	9.11880788215873	252.81557857023	0.153949607315584	1.07919938179479e-06	1.25497053376702
"Bauhinia guianensis"	8	2009	2009	181.104860054444	173.96807558798	187.748961746424	66.1836330751205	50.4139885738306	83.6632773179259
"Bauhinia guianensis"	9	2010	2010	131.860549559412	0.980492032738738	256.515267656699	0.208634769858572	7.68382441999672e-05	1.54765144703805
"Bombacaceae sp1"	1	2001	2002	76.5839986016191	48.698733401205	105.223202390203	3.3208209174201	0.701175767846601	7.80734308782848
"Bombacaceae sp1"	2	2002	2003	81.0547649207465	67.6920021464397	94.8181024520575	18.131322868157	10.4684041423858	27.6738274950353
"Bombacaceae sp1"	3	2003	2004	75.2700459528409	64.4706893643532	86.5263412405313	30.0384876003349	20.518986343967	41.4264677180622
"Bombacaceae sp1"	4	2004	2005	53.4465177258668	34.2061614842507	73.0251257723628	8.14749676269781	3.64108295871891	14.5965722124085
"Bombacaceae sp1"	5	2005	2006	111.905732892729	72.3862969670882	152.559758148087	2.3020270433534	0.296195952353515	6.34303835873158
"Bombacaceae sp1"	6	2006	2007	50.3203265570259	43.8288522818404	57.4680443592191	70.1543549219471	55.2255597073728	86.9588059775544
"Bombacaceae sp1"	7	2007	2008	94.5832349954578	72.3269875081097	117.715647713718	6.27479859112884	2.3368334851308	12.1594830290176
"Bombacaceae sp1"	8	2008	2009	22.3723549908033	-19.5827484523232	62.4668836394678	3.28628781807225	0.653015347858823	8.03733656309179
"Bombacaceae sp1"	9	2009	2010	76.9985080159666	34.1668193937991	123.163408277394	1.30108251746245	0.0494099850390519	4.52632601672383
"Coccoloba parimensis"	1	2001	2002	316.2304760689	224.48086061152	404.87634090417	2.30519254259011	0.271075280754197	6.54644463710772
"Coccoloba parimensis"	2	2002	2003	343.484123667081	285.26211095868	406.56359888146	7.40678680608761	2.97950127063393	13.7758120389465
"Coccoloba parimensis"	3	2003	2004	296.958355083906	215.6153223483	362.583487742678	5.65772953448425	1.88402912598248	11.9262298037637
"Coccoloba parimensis"	4	2004	2005	302.75171088733	266.172217453475	333.304894601985	45.0696352072288	31.7560500160797	59.9218155284253
"Coccoloba parimensis"	5	2005	2006	317.323187449884	212.259147229839	426.624367889941	0.274882074694385	0.000435001400611189	1.71146405748027
"Coccoloba parimensis"	6	2006	2007	378.019659493529	340.102793884959	411.4074675227	40.6788300423787	28.7757961305096	55.0235901417476
"Coccoloba parimensis"	7	2007	2008	324.572328821135	239.811127831491	402.904105987336	4.92051249905792	1.29617178324413	11.2804542458647
"Coccoloba parimensis"	8	2008	2009	314.095156264486	270.951649920539	349.812353894885	43.9771711631732	30.6685074646955	60.6423457053385
"Coccoloba parimensis"	9	2009	2010	286.741407876019	248.789626685796	320.967874193837	56.3756930019393	41.5199846480885	74.5328541409933
"Cordia fulva"	1	2001	2002	120.475119221953	111.112031103418	129.847557703111	57.2146004812614	43.3093651550664	72.5927780398065
"Cordia fulva"	2	2002	2003	258.143433402076	193.570553763553	304.372050465766	1.0139392939608	0.0240463822584076	3.62312477617393
"Cordia fulva"	3	2003	2004	105.035571155552	95.9029678695556	114.729558339697	52.1837303739591	38.3553649020867	67.4432443321055
"Cordia fulva"	4	2004	2005	12.9080017735829	-50.2719910743915	87.0741085946716	1.16722507157912	0.025127199522003	4.34876718823334
"Cordia fulva"	5	2005	2006	1.49229734891676	-52.7676661632191	59.0339917698805	2.32533321859549	0.265070614112644	6.56445197044783
"Cordia fulva"	6	2006	2007	148.049472183442	123.717826110044	172.161019848291	7.98742512952793	3.46246163230572	14.2576697287394
"Cordia fulva"	7	2007	2008	119.355077299727	-37.3550455881001	287.100777338603	0.0496369189346705	9.10436879188502e-07	0.480071699662964
"Cordia fulva"	8	2008	2009	116.21046047711	-42.0213830695061	278.786149038481	0.133002586623256	2.37057190504476e-05	0.995893841514348
"Cordia fulva"	9	2009	2010	129.533864159244	78.3177375475643	179.458794139209	2.04527513644741	0.320224862593274	5.6841699457911
"Couratari multiflora"	1	2001	2002	354.084854957624	305.493612230352	403.90470902309	1.05002263141125	0.0319647920320058	3.54832288198907
"Couratari multiflora"	2	2002	2003	418.721268195781	373.974305605623	455.486753345805	1.11769266909574	0.0408848893021294	3.83636150154752
"Couratari multiflora"	3	2003	2004	240.871926338057	233.40420202349	248.57223158785	80.1867089939858	63.7247610684126	99.0283744420137
"Couratari multiflora"	4	2004	2005	290.359921120446	246.407422943972	333.489973360955	0.996991402431727	0.0163857041890432	3.62795237658004
"Couratari multiflora"	5	2005	2006	431.852087572628	416.730778836327	448.325610284616	8.93629983895951	4.15954108732033	15.9769640446696
"Couratari multiflora"	6	2006	2007	316.065048668406	137.727447339749	445.018077030772	0.166372257261519	3.54304747154149e-05	1.14589500807843
"Couratari multiflora"	7	2007	2008	251.544085064818	246.13212410934	256.879596284211	71.0115765987009	55.3342402852956	89.0664174683376
"Couratari multiflora"	8	2008	2009	317.011637089801	144.175607419394	445.039190571333	0.0877289883946503	5.06678847021071e-06	0.773718323707635
"Couratari multiflora"	9	2009	2010	353.329485555831	303.280159916151	408.217875734299	1.1073844592109	0.0300679416937237	4.08191877641292
"Dicorynia guianensis"	1	2001	2002	217.079629297952	189.687879763898	245.251542424001	4.12266830871692	1.14655662086397	8.97934915506266
"Dicorynia guianensis"	2	2002	2003	135.096471545215	129.11901167983	141.370075904675	80.5047581612104	62.9405154838614	98.8123837513528
"Dicorynia guianensis"	3	2003	2003	134.18332580357	128.669654223056	139.79579005606	106.248994791404	87.4934145085285	128.197860956625
"Dicorynia guianensis"	4	2004	2004	164.024693426632	149.871791339154	177.098831035084	15.1259773423875	8.56408709115088	23.5399175978148
"Dicorynia guianensis"	5	2005	2005	182.068717035746	176.010012959317	187.897112145169	115.176060659011	95.9606247216081	136.150756772292
"Dicorynia guianensis"	6	2006	2006	172.923105484961	167.944096174913	177.964228167701	170.893567014888	146.3759103386	197.304797666856
"Dicorynia guianensis"	7	2007	2007	162.886164372541	75.4454670482178	255.665406035013	0.150781712209003	7.79631037943779e-05	1.08908873690083
"Dicorynia guianensis"	8	2008	2008	162.190845769094	72.8240182113083	257.045505902642	0.1710866121353	9.0977876671533e-06	1.25828621498301
"Dicorynia guianensis"	9	2009	2009	175.938454100682	173.410729584546	178.390319790729	662.767406068192	611.295851255811	713.885885200912
"Dicorynia guianensis"	10	2010	2010	123.750983271089	106.236661986748	140.303858936968	13.1602310169332	7.1583099575534	21.3777863135684
"Diplotropis purpurea"	1	2001	2002	68.0002921365834	58.8360727736889	76.9086307692188	18.1650418173725	10.6933740270421	27.1940294987685
"Diplotropis purpurea"	2	2002	2003	84.4226871273533	-22.1810363241119	183.96275939105	0.3069101781048	0.000101610474715339	1.98747144227795
"Diplotropis purpurea"	3	2003	2004	79.9931340367243	40.9711718313422	118.607307128937	1.2203982058592	0.0422613223101065	4.10996661876718
"Diplotropis purpurea"	4	2004	2005	83.3565631375517	-41.5210904841292	181.852853293224	0.273384187911783	0.000898699927112681	1.54152989632555
"Diplotropis purpurea"	5	2005	2006	74.006172050733	64.0949417303023	83.9716927449478	16.156196867802	9.59258104960323	25.5661663985958
"Diplotropis purpurea"	6	2006	2007	83.2204761970552	-32.2821320823618	182.408677201646	0.278397127578648	0.000120489131046897	1.811102810589
"Diplotropis purpurea"	7	2007	2008	83.0970337630648	-35.5649864913381	178.571360122008	0.274055056952721	7.25155472526644e-05	1.67873308659885
"Diplotropis purpurea"	8	2008	2009	129.919907897091	120.072889415531	139.266106195519	47.1814251096176	34.3785423854098	60.9529354652032
"Diplotropis purpurea"	9	2009	2010	83.3298470910621	-37.5919223855465	182.045963032719	0.293795183312941	0.000103549775655617	1.90082140397907
"Eperua falcata"	1	2001	2002	79.8925803423044	67.5020683448922	92.0223585511875	21.0376347220099	12.7990062230703	31.4204106679038
"Eperua falcata"	2	2002	2003	-29.1493359092854	-93.5782000209944	63.6022656485493	1.30217083135401	0.0359895747764472	4.51904790535346
"Eperua falcata"	3	2003	2004	89.1073031976271	67.7678659868514	109.069083301233	7.23913042180056	2.88668943513605	13.3381147054347
"Eperua falcata"	4	2004	2005	94.0905685719018	74.5250452421957	113.420776836507	8.32332482037918	3.43527580618874	14.5252384396572
"Eperua falcata"	5	2005	2006	69.044908782926	-76.8440613272542	190.754492771141	0.22449184762351	0.000125656299481133	1.48559854328043
"Eperua falcata"	6	2006	2007	69.1869737492881	-64.1577205780636	186.524543165372	0.283188206753681	0.000448029335986717	2.18598507338746
"Eperua falcata"	7	2007	2008	94.9444840308045	79.5640343047734	109.542887919668	12.1069669811375	6.17719602977296	19.86653453868
"Eperua falcata"	8	2008	2009	82.9894895515585	59.5773157547544	107.390167896134	5.21895750367197	1.64091300334796	10.8979674441894
"Eperua falcata"	9	2009	2010	80.4512928185173	45.3489171625155	116.076484437268	2.21280486781014	0.269758802622473	6.48736117372924
"Eschweilera sagotiana"	1	2001	2002	17.5218629792581	1.04475806754635	34.7654141686791	10.18562790318	4.83382999253398	17.4011280066229
"Eschweilera sagotiana"	2	2002	2003	-18.3570246121839	-65.8919419382719	30.7746562815126	1.15936708573839	0.0363550380212183	3.8867413993977
"Eschweilera sagotiana"	3	2003	2004	38.0824564729443	13.3232920958997	64.2429466210351	3.1592188957632	0.66607769440823	7.1185770999451
"Eschweilera sagotiana"	4	2004	2005	32.3330984806434	-95.5743814180472	151.363964102471	0.195881676156224	0.00039397573192505	1.37274344077877
"Eschweilera sagotiana"	5	2005	2006	75.1212881219629	57.4846885103007	91.2754504653341	8.12323358735075	3.47775932263361	14.3103499798342
"Eschweilera sagotiana"	6	2006	2007	30.4316702252497	-103.127646532578	144.657318139183	0.211721515637528	0.000101773905146593	1.4337879774294
"Eschweilera sagotiana"	7	2007	2008	30.9447517676464	-103.171914637423	140.348568110683	0.2228212137647	8.60293810301532e-06	1.45250592991051
"Eschweilera sagotiana"	8	2008	2009	46.3867932658581	14.9569839358805	77.8443135657241	2.15544391706903	0.279103845353943	6.03154722679703
"Eschweilera sagotiana"	9	2009	2010	28.2513405247078	-102.008979426842	141.155373828266	0.259980248454027	5.45302210835583e-05	1.73610247884548
"Forsteronia guyanensis"	1	2001	2002	97.3587490434296	75.2059580973071	120.06282386196	5.27205911436417	0.716702490510419	16.7924722445417
"Forsteronia guyanensis"	2	2002	2003	102.257422015701	96.3353858630156	108.006563613504	94.834272783733	75.8860292432085	116.226136438558
"Forsteronia guyanensis"	3	2003	2004	97.7459081352714	80.0752742120727	115.837582898624	8.15299033517809	2.42263809067796	19.7026848247875
"Forsteronia guyanensis"	4	2004	2005	95.13306576804	77.6359251307325	111.432433463746	9.21277643565244	3.03975951304765	21.3635063159024
"Forsteronia guyanensis"	5	2005	2006	110.671454417211	88.7523458376693	143.102616194379	5.11943462449068	0.598712929088504	16.3248166794345
"Forsteronia guyanensis"	6	2006	2007	98.8806575475284	87.8180507936141	111.088082633297	20.2374722614966	11.1735598852499	34.5416792088129
"Forsteronia guyanensis"	7	2007	2008	104.709266883184	85.0478628833845	128.436029288116	6.15840249622134	1.14330348292196	16.8428668913075
"Forsteronia guyanensis"	8	2008	2009	105.256177882387	82.9760773403916	136.398444594706	5.07533473721613	0.705962673980069	15.4887896419027
"Forsteronia guyanensis"	9	2009	2010	85.9850385572224	79.5027591782726	92.7662138337836	70.9184327014128	54.4154311500108	90.9563377274384
"Gouania blanchetiana"	1	2002	2002	141.855274461199	138.947835952351	144.805326384724	331.360076211845	295.339905926169	369.001334367923
"Gouania blanchetiana"	2	2003	2003	105.035687846264	102.472819309267	107.750573643465	411.637352279771	373.814726251881	451.784282734032
"Gouania blanchetiana"	3	2004	2004	128.213012108079	124.326640479779	132.535466612603	68.1179003295042	52.0133106337747	81.4890026389522
"Gouania blanchetiana"	4	2005	2005	167.488938800389	164.484575124168	170.445410538459	364.206306556664	328.378403357142	400.460920251067
"Gouania blanchetiana"	5	2006	2006	122.827183406418	104.918956498048	142.000641690951	6.27275329798507	2.37189642642869	11.7278876350278
"Gouania blanchetiana"	6	2007	2007	119.018947587229	113.769843807603	124.346503083768	85.5997541391508	67.5556179575751	105.965168091968
"Gouania blanchetiana"	7	2008	2008	124.793805019191	117.196585058816	132.457627707354	42.3489678699264	30.9547958059396	56.098376404455
"Gouania blanchetiana"	8	2009	2009	130.51413872387	129.105952012645	131.905922955378	3090.10769560263	2981.95634571967	3202.0655380115
"Gouania blanchetiana"	9	2010	2010	83.4505121808032	78.3063510800453	88.3366014705042	111.50833690717	91.7224251817776	132.986552269848
"Guettarda acreana"	1	2001	2002	248.406145741273	232.860859736582	264.494878981944	26.3466019579918	17.498574447569	37.5269559193304
"Guettarda acreana"	2	2002	2003	233.102248307145	228.118716992727	238.426205993674	263.533943766875	232.617246507492	297.357195915477
"Guettarda acreana"	3	2003	2004	214.148168379533	207.660054839434	220.650061985932	179.427409325143	153.512776878585	207.492223007965
"Guettarda acreana"	4	2004	2005	230.508327928117	225.429104143473	235.72956423108	291.919853241738	259.044064882867	327.096709043898
"Guettarda acreana"	5	2005	2006	216.994149083407	210.23145040663	222.937968446401	182.933818107837	156.105001255368	209.659688542818
"Guettarda acreana"	6	2006	2007	237.924743351734	231.308074241351	245.049473836823	150.275772614551	127.160645981534	175.635386263085
"Guettarda acreana"	7	2007	2008	200.253842229645	191.464537951147	208.491537541322	101.798859997734	82.7334528413122	123.259409060486
"Guettarda acreana"	8	2008	2009	214.526557641387	203.791902569472	225.478436753205	58.6099387887573	43.9921035431941	75.0101885703418
"Guettarda acreana"	9	2009	2010	232.129514473828	223.103444444861	241.266503438141	87.633063578578	69.9592009899025	106.643835721175
"Guettarda acreana"	10	2010	2011	192.955193612311	186.468650256479	199.127126178614	185.744404133011	159.990705184003	214.768160443146
"Hippocratea volubilis"	1	2001	2002	122.759979370642	104.619136650234	140.79556585512	14.206120465788	8.02139991853129	22.2563180103192
"Hippocratea volubilis"	2	2002	2003	119.688589959312	113.829029581986	125.787017531176	144.263254172415	121.369211271325	168.471943718413
"Hippocratea volubilis"	3	2003	2004	92.269290313389	80.0567829559339	104.111296714032	37.4673269114168	26.6204571362641	50.6946750211108
"Hippocratea volubilis"	4	2004	2005	126.25658354101	78.7311890185873	172.708595229376	1.31467553033968	0.0674626829245319	4.35546948846892
"Hippocratea volubilis"	5	2005	2006	100.444194540072	95.3661747147479	105.395155946086	228.467863168053	200.31851785799	258.619848586826
"Hippocratea volubilis"	6	2006	2007	140.159377746266	129.108900733411	151.380667180127	43.2587537781371	31.1219103556863	57.6912434426475
"Hippocratea volubilis"	7	2007	2008	131.296366276421	125.448350484112	136.961464413843	157.224818169662	133.725701399137	183.118007112614
"Hippocratea volubilis"	8	2008	2009	159.034157926851	144.599031607787	173.052427480934	32.272858422027	22.6323513273313	44.4051922172001
"Hippocratea volubilis"	9	2009	2010	125.137539610089	57.2705630048966	191.631613008424	0.40577953884887	0.00276704020475756	2.05759510914338
"Hymenolobium pulcherrimum"	1	2001	2002	49.1712362757764	35.3160895814271	63.0959364244176	25.5598548211911	16.1221877530943	37.9237664350686
"Hymenolobium pulcherrimum"	2	2002	2003	86.9365979185739	54.9440133745778	120.17628082823	3.29237771995771	0.705897423085684	7.67331298323962
"Hymenolobium pulcherrimum"	3	2003	2004	69.2626169274478	47.3169675255992	92.0369695685206	8.04318794127541	3.40931825993344	14.2627089046907
"Hymenolobium pulcherrimum"	4	2004	2005	74.3141429901998	49.1454080957243	99.990268720396	6.23013833383184	2.21825061598946	12.2274902236708
"Hymenolobium pulcherrimum"	5	2005	2006	97.6196473006773	91.1844456642673	104.468828846348	102.226256338607	83.7055260961207	123.255852846481
"Hymenolobium pulcherrimum"	6	2006	2007	58.8847690286548	42.4656962175005	74.2117998437226	19.2435738491345	11.8333330430496	28.5082566070446
"Hymenolobium pulcherrimum"	7	2007	2008	78.1421305226033	1.26492605616501	151.544342956992	0.295680964658678	0.000436589368149627	1.767942824327
"Hymenolobium pulcherrimum"	8	2008	2009	120.438669103512	115.590333927616	125.247356952194	245.263214938914	215.064029194051	275.708417254564
"Hymenolobium pulcherrimum"	9	2009	2010	67.9320145750271	17.4859654351146	112.970484284862	1.25939719339347	0.0598577268112775	4.19905554822745
"Licania majuscula"	1	2001	2002	332.413484405788	206.787123151011	475.381453053002	0.251494324273924	7.8984593798884e-05	1.94645949576627
"Licania majuscula"	2	2002	2003	334.580275323152	211.637573324742	474.738089885741	0.239236339124198	0.000259868111624387	1.4056506751767
"Licania majuscula"	3	2003	2004	332.822610459636	205.206620726276	470.023813378518	0.345096366751921	0.000483471316017545	2.01289649946924
"Licania majuscula"	4	2004	2005	332.077505318422	211.383673879526	477.409628365463	0.364756044531385	0.000745527298349298	2.2599579717462
"Licania majuscula"	5	2005	2006	332.066847996453	212.440309868314	469.493349505234	0.224636640757024	7.21506810169789e-05	1.67700579560528
"Licania majuscula"	6	2006	2007	332.704678661583	198.360859187693	477.695949109045	0.29200851508063	0.000435408955304455	1.70236876876448
"Licania majuscula"	7	2007	2008	314.625298129812	304.443901546846	323.978709086501	169.411604749362	144.760627811939	196.857964974626
"Licania majuscula"	8	2008	2009	346.08399647236	317.0932451984	374.237652764596	17.5070816457917	9.88626795163818	27.3919110471803
"Licania majuscula"	9	2009	2010	333.610046325111	205.034830056604	478.619961267171	0.308062420130872	0.000510625761693587	2.05019729211464
"Licania membranacea"	1	2001	2002	-4.60181630790254	-6.98870102050171	-2.05970361585645	1071.27408693734	1005.61273249527	1137.01969991088
"Licania membranacea"	2	2002	2003	-103.341806187822	-140.514705461724	-46.034070577308	2.72552838543728	0.329104282742703	8.3937714229705
"Licania membranacea"	3	2003	2004	4.24452380434116	-123.182456185341	157.449193491639	0.126392418165922	9.15413847555457e-05	0.932621804984203
"Licania membranacea"	4	2004	2005	4.77603959478287	-123.583899405201	156.36146500383	0.184158571928192	0.000221073246626805	1.46170638254515
"Licania membranacea"	5	2005	2006	26.6152714466812	10.1332148004273	42.7843322197859	26.1878379157399	16.966594236869	36.8356649934465
"Licania membranacea"	6	2006	2007	12.0647662114952	-19.7352562692551	43.1497828130023	7.2212502405174	2.81595397011589	13.6494099797547
"Licania membranacea"	7	2007	2008	53.4833443027762	47.78433034885	58.9153882495694	235.413426868079	206.019886695866	264.678050568654
"Licania membranacea"	8	2008	2009	-3.68507114337902	-8.56743813766218	0.932634801771144	356.552129857529	320.086300660294	393.526473198648
"Licania membranacea"	9	2009	2010	6.05932712925974	-117.744598600988	171.390434898696	0.100367121381015	8.9572999143416e-06	0.793369022022044
"Machaerium altiscandens"	1	2001	2002	-18.183538210273	-41.0423663030967	4.21557551020885	19.08359671718	11.2382993244171	28.5469561326096
"Machaerium altiscandens"	2	2002	2003	-28.6045143811289	-95.108218596809	39.4312870153348	2.04189053555192	0.281957486115109	5.73669663803838
"Machaerium altiscandens"	3	2003	2004	-58.6986048664499	-151.177277739017	28.8675772711773	1.09705682568369	0.0339416619975449	3.80043928797887
"Machaerium altiscandens"	4	2004	2005	-66.0296321071647	-109.549196328652	-25.1645535404013	6.16998956075383	2.26785984311515	12.1091061635243
"Machaerium altiscandens"	5	2005	2006	107.522235689441	64.9903901587589	150.355139757799	4.98435474180182	1.59736556246633	10.3284252770206
"Machaerium altiscandens"	6	2006	2007	114.065255521986	49.7160114870977	170.295942643214	1.95886635970115	0.226961842652342	5.36939892224076
"Machaerium altiscandens"	7	2007	2008	82.5478076417119	14.7949302788893	147.845508901193	1.93504318570354	0.248631043059882	5.36209771719809
"Machaerium altiscandens"	8	2008	2009	127.630315683359	117.096492960677	138.687630060141	91.6773111602737	73.541983041014	111.574761685272
"Machaerium altiscandens"	9	2009	2010	-28.3508594263136	-124.174672525369	58.6492292896553	1.1026459004708	0.0307286419864245	4.09160046249923
"Manilkara bidentata"	1	2001	2002	81.9441591925372	-25.0965168880639	241.046473639207	0.153699803713143	0.000172323487082904	1.14353176594565
"Manilkara bidentata"	2	2002	2003	83.1855258912274	-23.3738920997819	239.23185386215	0.131116848568954	0.000180634863078039	0.946961570221364
"Manilkara bidentata"	3	2003	2004	62.1160667885967	30.270598158986	92.5105585534307	8.2697925829564	3.59829647515462	14.6439317314851
"Manilkara bidentata"	4	2004	2005	10.4390833095424	-37.8183159342799	74.0710579665039	2.8720502043573	0.330052895814419	8.55400455292377
"Manilkara bidentata"	5	2005	2006	94.1767723321239	45.5184664792509	144.228408826572	3.13388039151229	0.621485810184869	7.27272916245096
"Manilkara bidentata"	6	2006	2007	82.7160780745243	-23.3898385068498	243.860508026742	0.125150860049217	6.19189861899294e-05	0.949118520997855
"Manilkara bidentata"	7	2008	2008	81.564022058233	-25.0770520071671	247.960488433672	0.226795447619623	0.000155111160202423	1.54219069678294
"Manilkara bidentata"	8	2008	2009	82.3890306949222	-22.6596254861884	249.836232192778	0.128894774612824	1.98257531554662e-05	1.05138545582556
"Manilkara bidentata"	9	2009	2010	100.756730193827	92.1914405180546	109.615163461136	105.577391639978	85.1182342135443	127.191046317921
"Manilkara huberi"	1	2001	2002	139.955357254955	-17.9653580968937	302.849366531362	0.0718022411681345	8.38186866788197e-06	0.656929515749031
"Manilkara huberi"	2	2002	2003	145.021119263883	-17.5530272025434	300.580291288382	0.123988816649297	0.000167287081691219	0.873788725663533
"Manilkara huberi"	3	2003	2004	138.337295904227	-24.8602837628404	301.509165425535	0.100448314881903	0.000161069853906865	0.695764078423435
"Manilkara huberi"	4	2004	2005	296.855204883508	236.900284861266	323.269996350702	2.96741025879373	0.579505865020296	7.32079260921039
"Manilkara huberi"	5	2005	2006	106.097954591934	78.5324138831229	130.804321837967	29.5595811500362	19.9162739256047	41.6817353706861
"Manilkara huberi"	6	2006	2007	90.1784380512938	-21.1649358653535	206.522173009393	1.13126390443944	0.0302078095994369	4.37783951373346
"Manilkara huberi"	7	2008	2008	143.253119821771	-21.9937525971276	301.960857508822	0.13733000943977	6.96670365278397e-06	1.08993851555055
"Manilkara huberi"	8	2008	2009	139.225826510997	-19.1756259895461	308.709195338938	0.0759253382479797	5.94124795301371e-07	0.732795536208146
"Manilkara huberi"	9	2009	2010	96.9489854513466	81.1954734713276	112.115944289963	88.2297372802483	70.3596771198079	109.557628595308
"Mendoncia hoffmannseggiana"	1	2002	2002	130.967725454835	114.850375015127	147.49639063481	18.6776928464915	10.4931008448613	29.4928474335866
"Mendoncia hoffmannseggiana"	2	2003	2003	125.500823844046	108.704429197974	140.731386138975	19.5908982849071	11.3834452869814	30.3334739744864
"Mendoncia hoffmannseggiana"	3	2004	2004	129.1386245757	113.619851987216	143.492835754836	22.8050688070104	13.7276405607695	33.7466517995692
"Mendoncia hoffmannseggiana"	4	2005	2005	133.889439406739	116.807493402991	151.328140453128	19.5165701822216	11.2516221044079	30.6623210041329
"Mendoncia hoffmannseggiana"	5	2006	2006	150.429197696065	133.671964619889	167.586680778349	32.4990698410965	21.9452915485234	45.5686877103413
"Mendoncia hoffmannseggiana"	6	2007	2007	129.592738623268	117.124626904799	141.793417676765	47.4141015457316	34.6859965018794	64.5085908364328
"Mendoncia hoffmannseggiana"	7	2008	2008	126.568270559337	109.993139149941	141.295910270609	20.9447473924341	12.2860689888957	32.39637699328
"Mendoncia hoffmannseggiana"	8	2009	2009	141.34999598621	118.17115302038	170.813458994391	6.6145387263591	2.14946743947862	14.1387137012253
"Mendoncia hoffmannseggiana"	9	2010	2010	120.715880463254	96.5766031133837	140.132946920976	11.7414553699767	5.53382380901437	20.9741816046633
"Micropholis guyanensis"	1	2001	2002	55.2676198536428	41.6068785526538	68.0965087597826	11.8691595727073	5.52042738283654	20.3261870900104
"Micropholis guyanensis"	2	2002	2003	65.4868297019291	60.05986193016	71.0279749893954	69.7714416539145	54.292529831715	87.3621217790704
"Micropholis guyanensis"	3	2003	2004	43.5088129516146	41.2003052422788	45.870457615663	456.225024391034	414.092345930822	499.619202636891
"Micropholis guyanensis"	4	2004	2005	52.2691800600008	49.7519385558597	54.8826247831104	344.348369468034	309.713219893871	380.069142238893
"Micropholis guyanensis"	5	2005	2006	50.1480626949478	39.1026346643428	60.870213406101	18.9070357058303	11.094038304554	29.1306174011926
"Micropholis guyanensis"	6	2006	2007	53.028088925563	50.3045477163553	55.7654110681156	358.545062068791	322.036250727778	397.463839145286
"Micropholis guyanensis"	7	2007	2008	51.9434316377127	42.7331410701644	61.2043035204491	25.7572729743314	16.685824709307	36.8358675721854
"Micropholis guyanensis"	8	2008	2009	69.8480470893423	62.2047909268804	77.1962666437909	45.9884740760654	32.6259507414103	61.108236308789
"Micropholis guyanensis"	9	2009	2010	63.7838227612561	44.1287833836132	86.7790817927001	3.9911041151041	0.676128362244098	9.4890663507054
"Mimosa guilandinae"	1	2001	2002	334.858102532824	317.627579484137	352.082225569504	92.4538215967316	74.5939897594523	112.321709600492
"Mimosa guilandinae"	2	2002	2003	284.360502415345	270.305150516433	297.983750052498	153.354295113339	128.323297309217	179.396636939381
"Mimosa guilandinae"	3	2003	2004	202.479185165954	190.041787103919	213.900453399407	330.630256637014	292.406126388713	373.914551141586
"Mimosa guilandinae"	4	2004	2005	240.750845614238	220.691223463383	260.152346524611	81.9914178523723	64.2530745073859	101.408647760797
"Mimosa guilandinae"	5	2005	2006	279.512129502186	258.650718047386	301.453934427514	59.3234342350519	45.0667091311702	76.2329893090959
"Mimosa guilandinae"	6	2006	2007	260.118630074775	231.633296818512	286.895075916807	39.2698598563981	27.2875160601261	52.8779619476437
"Mimosa guilandinae"	7	2007	2008	223.94520866858	203.329576041757	243.772293626797	85.6917767447804	66.7316681692528	105.860934571484
"Mimosa guilandinae"	8	2008	2009	238.4644501818	222.653475771699	252.859135703927	142.428035454176	117.740263518874	167.695157486124
"Mimosa guilandinae"	9	2009	2010	223.284926694184	209.157093757814	237.382263187128	197.49245296389	170.207928078606	228.297955822246
"Neea floribunda"	1	2001	2002	29.1889141149653	21.5659378418103	36.7846725446478	20.2136630350057	12.1552214708345	29.6133328888477
"Neea floribunda"	2	2002	2003	25.1723354874173	-83.7569599216092	130.093517477918	0.356850599024214	0.000272535314348812	1.91705865215627
"Neea floribunda"	3	2003	2004	-5.47453485995834	-18.930625865263	8.05066983736108	9.36768802764633	4.19213727446377	16.5432587721827
"Neea floribunda"	4	2004	2005	26.9689287366754	-76.1412140771173	119.625215795813	0.342928947973219	0.00105992255956544	1.88966679560241
"Neea floribunda"	5	2005	2006	22.8645423223196	-74.9447154410053	112.61575097337	0.322276233946958	0.000883326242182129	1.84964674752742
"Neea floribunda"	6	2006	2007	28.2941862157197	12.941999216252	41.4133648137029	7.41419296329723	3.01895557235885	14.1449259190632
"Neea floribunda"	7	2007	2008	26.9096996433815	-67.3656631568139	121.866499671781	0.344056698159553	0.000798651302110986	1.85339963641375
"Neea floribunda"	8	2008	2009	64.217942266649	43.4650000106473	85.0091221538345	2.26767052961956	0.309898517835278	6.531178600807
"Neea floribunda"	9	2009	2010	24.5612470321261	19.0630928274613	30.2607559139902	32.0849704836793	22.3250359719496	44.2633808610339
"Ocotea floribunda"	1	2001	2002	24.3193151894635	-24.5442387827831	72.293668772955	1.04793821809213	0.00670312232143175	4.35978387323682
"Ocotea floribunda"	2	2002	2003	25.1067916034173	-23.5079611293474	73.6072609004073	1.10507835916442	0.0150913355079179	4.86745948710923
"Ocotea floribunda"	3	2003	2004	18.9657885967274	2.05718121098403	34.698195434435	31.7447211387731	20.7519767095633	43.7464303682743
"Ocotea floribunda"	4	2004	2005	9.83834316578859	-7.98792540349555	27.1143518743421	28.8721637282104	18.8428494055189	40.4106855330961
"Ocotea floribunda"	5	2005	2006	45.0203627221822	36.1390452201994	53.8407808804636	140.154517556098	117.251801390598	165.042138521732
"Ocotea floribunda"	6	2006	2007	24.0930616934199	9.38357030959767	39.622698311003	34.2524877419022	23.1631581732679	45.8793089263865
"Ocotea floribunda"	7	2007	2008	17.8663400702325	6.06421072970218	29.8336602783853	65.0544990479455	49.7967763343024	81.5825414540076
"Ocotea floribunda"	8	2008	2009	24.2377571813185	-28.4617340055332	70.2366771210489	1.01019459572098	0.00734706408807187	4.27941877393215
"Ocotea floribunda"	9	2009	2010	36.4445065441481	17.6857814790837	56.476365767325	21.0205015360806	12.7907497506614	31.4975124707166
"Pourouma melinonii"	1	2001	2002	50.9905526480634	10.9180184634893	94.9384870730061	7.21441293599277	0.0221061992478104	47.3414223203367
"Pourouma melinonii"	2	2002	2003	50.9231021406281	7.19054783829634	89.5198537703407	7.83104947490587	0.062214431146737	44.0729182507392
"Pourouma melinonii"	3	2003	2004	51.1137187686488	5.85763358647154	89.8993381487433	7.48842192859477	0.0382174310339129	51.5152900016878
"Pourouma melinonii"	4	2004	2005	58.8163688865215	47.529620389541	71.3944280717284	17.4408627809488	5.50722860395756	62.6721762351407
"Pourouma melinonii"	5	2005	2006	58.7834326368151	53.0947785448131	64.4194140890899	62.2450396215665	42.8426992492229	104.940651659487
"Pourouma melinonii"	6	2006	2007	49.186751261235	35.0368561336128	62.5147588297758	13.1939925109509	2.94968008756164	58.5159662576038
"Pourouma melinonii"	7	2007	2008	43.6338717908667	20.1980395093537	60.7434923218014	10.9220105605588	1.16626689564403	51.6156693517655
"Pourouma melinonii"	8	2008	2009	50.2484743304208	10.1918165942809	87.1984246095457	6.86499454764359	0.0627288448087382	48.3750353200342
"Pourouma melinonii"	9	2009	2010	47.3830329392645	39.3175940230914	55.6450039640416	33.7932026751185	19.5696161382133	74.0833365749487
"Protium sagotianum"	1	2001	2002	99.5222994227925	91.9228644320334	107.70853527096	73.9598602055507	57.4430791736752	92.1114635012976
"Protium sagotianum"	2	2002	2003	128.277264500783	91.8798603150814	163.83146125375	3.20231944823278	0.733521044482183	7.44212513637788
"Protium sagotianum"	3	2003	2004	70.6021736459097	61.7600852056827	79.729769688701	53.8665429646881	40.8112348422466	68.3598229401407
"Protium sagotianum"	4	2004	2005	94.9937782326058	79.9658636896043	110.131088601128	20.2324457480646	12.4647477027871	30.0503717670795
"Protium sagotianum"	5	2005	2006	21.6693602270874	14.1248348046772	29.0721335666498	96.5662213918551	77.5998158322911	116.247264732993
"Protium sagotianum"	6	2006	2007	103.532977198319	53.6593442028708	157.546594173938	1.18609717715808	0.0489715524622123	4.22625740427711
"Protium sagotianum"	7	2007	2008	94.6767108801447	71.5888374369687	119.086079786284	8.14948060282426	3.50196502636396	14.7855846896059
"Protium sagotianum"	8	2008	2009	120.897981486529	92.9945065928061	149.282244716177	8.18885050008574	3.55097739382152	15.1167630225931
"Protium sagotianum"	9	2009	2010	92.6753582571179	68.2367928780312	116.996764612127	7.22554571550583	2.9347226258446	13.3213482308742
"Pseudopiptadenia suaveolens"	1	2001	2002	181.282496180506	162.834106299155	198.348423854962	9.23938137064996	4.2747004048307	16.4819871224931
"Pseudopiptadenia suaveolens"	2	2002	2003	103.730370109759	80.9404636709569	125.674535031023	5.38862622081972	1.77894652248329	11.0407283393348
"Pseudopiptadenia suaveolens"	3	2003	2004	154.562166027327	151.07669692008	158.06479737079	215.540783945917	187.977072135133	245.883378499917
"Pseudopiptadenia suaveolens"	4	2004	2005	144.337545055371	137.164163003577	151.442073639939	54.0846220480113	40.8655216937742	71.3135761839284
"Pseudopiptadenia suaveolens"	5	2005	2006	154.443145525769	133.7650848472	175.648833115807	6.26188982183531	2.25451715235534	11.8955198981247
"Pseudopiptadenia suaveolens"	6	2006	2007	178.337936110379	144.179945423731	214.425701969878	2.28397209558667	0.289550839434323	6.14846109789371
"Pseudopiptadenia suaveolens"	7	2007	2008	120.823476248739	112.855773453452	128.952591329328	44.7792900809742	32.6903169922087	58.472317960725
"Pseudopiptadenia suaveolens"	8	2008	2009	151.674606629813	143.519345103352	159.606133837765	56.1611700331037	42.3043434765224	71.9670313851834
"Pseudopiptadenia suaveolens"	9	2009	2010	124.278749029757	119.872185053386	128.711516458378	165.38686575371	139.130386975304	192.075483650262
"Qualea dinizii"	1	2001	2002	150.120608507502	147.047224288575	153.205223355004	87.8419099312389	70.0193059573948	107.753414212924
"Qualea dinizii"	2	2002	2003	126.812258476485	-44.2490695823199	287.141740757434	0.0906149539123792	1.6690041525796e-05	0.807325836656591
"Qualea dinizii"	3	2003	2004	134.224252128019	132.119738493286	136.539786831946	220.751747056267	192.050966732758	252.478649683092
"Qualea dinizii"	4	2004	2005	125.315758092305	-39.2714692251313	286.281576007471	0.0617317814631375	2.77628889544053e-07	0.671598240090339
"Qualea dinizii"	5	2005	2006	244.585579145046	211.399938779817	277.614478850455	1.01345622795051	0.0208116020896171	3.79528797086256
"Qualea dinizii"	6	2006	2007	123.752315438254	-40.9791729449418	288.30997938106	0.0958348420488195	6.54973118024502e-07	1.0106163871697
"Qualea dinizii"	7	2007	2008	124.811801430546	-37.7295419894704	288.614850521693	0.0650205240316195	2.02147029288637e-06	0.622698758219443
"Qualea dinizii"	8	2008	2009	148.685836186389	146.334575785073	150.928098113495	438.018706604882	396.661379823484	482.434353443937
"Qualea dinizii"	9	2009	2010	-47.8495437420393	-61.2194089696019	-29.1267937856425	8.57197184928679	1.68608962290224	23.456826445335
"Qualea rosea"	1	2001	2002	129.862386378257	126.296153114538	133.470706765085	97.0110124141159	68.9589287534387	169.24858111065
"Qualea rosea"	2	2002	2003	119.350924468842	-10.3810574201479	189.828968045328	13.4687254533932	0.0050373292103339	97.2298492360299
"Qualea rosea"	3	2003	2004	120.677970819847	0.693521533212163	190.369037319812	13.1633844222429	0.000169188464432812	88.4821169144972
"Qualea rosea"	4	2004	2005	117.64983716728	-12.6907046504364	186.916896909094	13.2359324983988	0.00282461446487157	98.655093744432
"Qualea rosea"	5	2005	2006	119.08052506081	-0.453703544852004	191.131723225455	12.5232310782344	0.000267084240671541	96.3612917431647
"Qualea rosea"	6	2006	2007	118.136899288724	-12.1249688678287	192.714188088334	12.2462742559475	0.00159313002223477	82.2980015324957
"Qualea rosea"	7	2007	2008	118.751114144604	-9.95788896689476	191.30262916507	12.613401191045	0.000576345841404824	84.2263247919378
"Qualea rosea"	8	2008	2009	128.388829849065	120.024180495702	136.36670998956	77.5686177855607	51.5317110827322	147.31738106752
"Qualea rosea"	9	2009	2010	118.884599100769	-10.6400476424546	194.458284428525	12.4303299377229	0.000667752845935343	77.9492203704657
"Quararibea duckei"	1	2001	2002	56.2176190891028	29.8695234147886	84.7937821165952	10.6329962683898	5.00630486572658	18.0572609907812
"Quararibea duckei"	2	2002	2003	36.9884558089541	17.233077973617	56.4532736765375	23.4561582428467	15.082771513497	33.5647718030327
"Quararibea duckei"	3	2003	2004	58.8749222874378	40.7161090350581	77.8600609606013	28.6123650612813	18.4843036633452	39.7735500289613
"Quararibea duckei"	4	2004	2005	34.8651484518195	8.90034793668539	59.7247377176261	12.6645113230882	6.37518180504284	20.7223520277792
"Quararibea duckei"	5	2005	2006	30.5540064502395	10.7637864374754	49.6041428724736	24.6615748066949	16.1348052451486	35.4350266576533
"Quararibea duckei"	6	2006	2007	35.8932968196958	17.8275161047767	53.046931470206	32.3752777451974	22.4079321436487	44.7394201293621
"Quararibea duckei"	7	2007	2008	50.5240280498612	28.0574199392564	75.2676170122714	15.6262756296373	8.74494416909229	24.1666635441657
"Quararibea duckei"	8	2008	2009	1.50224551192309	-23.7401142509892	28.9570041392896	19.4630446255034	11.2645360808578	28.700219564732
"Quararibea duckei"	9	2009	2010	41.0205341440071	15.4319281803338	67.1616603029997	12.6855055707652	6.56787148296138	21.1333929749589
"Rhodostemonodaphne kunthiana"	1	2001	2002	312.312685855475	257.937265231119	370.744819478211	10.2770899866864	5.09358743631611	18.2984564374902
"Rhodostemonodaphne kunthiana"	2	2002	2003	317.170436076538	146.611882905525	462.447704605834	0.159244179724025	3.73698710256663e-07	1.18393556857153
"Rhodostemonodaphne kunthiana"	3	2003	2004	320.703110754915	149.939646872584	458.57297870827	0.196052416367077	5.88981329527338e-07	1.34701914367114
"Rhodostemonodaphne kunthiana"	4	2004	2005	318.961944086514	150.358727743709	460.720063538601	0.187713140740696	0.000101546475501325	1.4453488731865
"Rhodostemonodaphne kunthiana"	5	2005	2006	318.562859871862	138.557487850841	461.881468880619	0.130000189928719	9.71217996970654e-07	0.881044544793612
"Rhodostemonodaphne kunthiana"	6	2006	2007	317.828130589929	141.350842897575	463.147243832775	0.0682881415542637	9.66021291312657e-07	0.688019882863082
"Rhodostemonodaphne kunthiana"	7	2007	2008	284.721240652711	154.662796129238	409.192087747694	1.13106635851049	0.028731855237464	4.46140037160798
"Rhodostemonodaphne kunthiana"	8	2008	2009	320.701507177839	147.078892138723	463.203194150967	0.15985183121046	4.43024815283367e-05	1.27770556938236
"Rhodostemonodaphne kunthiana"	9	2009	2010	445.199293426682	376.522243661436	476.892789202921	10.945119039938	3.63049190782124	23.4146515633064
"Rourea frutescens"	1	2001	2002	111.869113605448	91.3323768643267	132.824879414289	16.4086727664746	9.2527627822344	25.1945656462116
"Rourea frutescens"	2	2002	2003	75.4099624334071	47.7265281910895	103.397063393302	6.43553620168128	2.39874551284	12.2550380215176
"Rourea frutescens"	3	2003	2004	65.0016418282574	50.2017615432007	78.8803107214553	32.3951511937598	22.275070807572	44.3085733507021
"Rourea frutescens"	4	2004	2005	66.0983113720227	46.9398745990678	84.4997768751408	17.3802921263228	10.0569259720325	26.5081300706782
"Rourea frutescens"	5	2005	2006	76.7554488806005	61.3383120500777	91.7921047874751	27.58543362497	18.2489471019043	39.1525055891546
"Rourea frutescens"	6	2006	2007	78.3416162636177	66.2816160457905	90.4335969815045	44.3093354837229	32.298461758246	58.9209509890002
"Rourea frutescens"	7	2007	2008	73.2120217588959	54.4675151743973	93.6505431684057	16.3073768333923	9.16043941255224	25.1253072810252
"Rourea frutescens"	8	2008	2009	75.8801965299169	64.5676962577799	87.0268657123241	56.2349139046398	42.8640293082867	71.6471213536585
"Rourea frutescens"	9	2009	2010	37.9381614359327	17.5622588376362	57.8295399522595	19.3669132293385	11.5702261304094	29.3718317124497
"Serjania paucidentata"	1	2001	2002	444.106828164003	418.835039423947	470.478292095147	15.2085725596302	8.44294208054858	23.5292406644852
"Serjania paucidentata"	2	2002	2003	364.699311567529	345.422507765993	383.713876577828	25.1824331962938	16.3357801063234	36.2442026814477
"Serjania paucidentata"	3	2003	2004	409.997937311995	398.558471417815	420.92472157425	81.6662411476285	64.2542630183363	100.416684910163
"Serjania paucidentata"	4	2004	2005	329.991419692375	295.27295783581	365.18003541346	8.08293028087657	3.52762110135476	14.6246250990267
"Serjania paucidentata"	5	2005	2006	367.707268544907	319.263186843104	412.326681055743	4.01014783261608	1.03637782239386	8.74959251765155
"Serjania paucidentata"	6	2006	2007	420.29978556538	383.771521507316	457.03467061319	7.08873784727126	2.77039559430864	13.1555200548845
"Serjania paucidentata"	7	2007	2008	348.267407530916	265.613225022802	419.110067317926	1.19384549934762	0.0382362913843345	4.17050529013584
"Serjania paucidentata"	8	2008	2009	363.595088018348	333.414808869164	393.400227819758	10.1209121614856	5.00348903848626	17.0931067981702
"Serjania paucidentata"	9	2009	2010	378.090397441359	347.488120767675	412.655460035621	11.5575608321893	5.87763632006602	19.2861180122514
"Sterculia pruriens"	1	2001	2002	102.093178860307	-6.2512424851213	210.785790777825	0.20032407254473	1.60712935793582e-05	1.46206879718287
"Sterculia pruriens"	2	2002	2003	113.51138486391	103.319606783508	124.469140327204	56.1312050368594	41.9809630050706	72.6350364066931
"Sterculia pruriens"	3	2003	2004	102.072878981998	-1.9523390468013	213.614266070096	0.144607963760485	1.46605565988207e-05	1.10296534868553
"Sterculia pruriens"	4	2004	2005	70.0058474825397	24.5941988110136	112.036181813994	3.19820192233135	0.616502332491205	7.61729196019436
"Sterculia pruriens"	5	2005	2006	65.2823510089031	31.9475358741271	96.313850221946	6.12959442629824	2.33407151853281	11.9073290219421
"Sterculia pruriens"	6	2006	2007	127.846296452868	108.67144423144	147.018156679363	18.3747217644859	11.0529596521566	28.1271880117366
"Sterculia pruriens"	7	2008	2008	100.844281382073	-4.08705706592454	206.83153989363	0.242358732752981	2.5930499932244e-05	1.5703362190269
"Sterculia pruriens"	8	2008	2009	144.373985698896	134.257703966204	154.455136554398	75.2068093620908	59.1758543599246	94.0152423768016
"Sterculia pruriens"	9	2009	2010	79.2248545488325	63.5723518240175	94.2195746742857	25.2082402960144	16.0041796924056	36.1821697812298
"Stigmaphyllon sinuatum"	1	2001	2002	349.396691010547	334.135693659697	364.330871055069	27.7769229022037	18.4821732370094	39.1662379416195
"Stigmaphyllon sinuatum"	2	2002	2003	335.457789329543	324.893773977781	346.880583765861	43.7956867236426	31.5346927265156	58.2204512758012
"Stigmaphyllon sinuatum"	3	2003	2004	315.977810992698	303.806787975581	328.84375725331	33.322079558709	23.799417560678	45.289830513816
"Stigmaphyllon sinuatum"	4	2004	2005	346.562512878907	333.774592746868	359.244424128912	38.506765391089	27.5386155159991	51.3643518691709
"Stigmaphyllon sinuatum"	5	2005	2006	319.909712809057	306.587792191087	332.938970351377	32.9855290082012	22.225263399539	45.1860344129804
"Stigmaphyllon sinuatum"	6	2006	2007	314.832164098784	289.703125226787	337.13580241007	7.66287761240472	3.28179826827877	14.1850892871995
"Stigmaphyllon sinuatum"	7	2007	2008	319.074390290771	300.008538737497	337.798090081736	15.719168484308	8.87175792309916	24.8780642329685
"Stigmaphyllon sinuatum"	8	2008	2009	309.459945789326	291.5546200289	327.290403737948	17.9159579398575	10.2792447921491	27.4864182101637
"Stigmaphyllon sinuatum"	9	2009	2010	335.105853766273	306.692816900396	364.712549703295	4.81092667828556	1.36642079584139	10.1658461668983
"Strychnos erichsonii"	1	2002	2002	199.294479688302	182.801183947482	215.963826389365	46.0283944744588	33.6202790844227	59.8814368968692
"Strychnos erichsonii"	2	2003	2003	180.310100461428	171.088771811462	189.236663085578	161.754595094628	137.202378487116	186.710576703553
"Strychnos erichsonii"	3	2004	2004	251.593790466324	215.937858586156	288.380552848607	11.0199664291311	5.37646885380322	18.6358427781234
"Strychnos erichsonii"	4	2005	2005	168.044234216734	132.405495472417	200.803595167526	12.2298238871625	6.40415147727718	19.6091815509071
"Strychnos erichsonii"	5	2006	2006	249.938208963408	200.959448191254	300.382142708147	4.94538591852262	1.57167786384284	9.99566645152853
"Strychnos erichsonii"	6	2007	2007	151.135509662676	125.383312549449	174.311023382329	28.8622502053317	19.227930002393	40.6347182505845
"Strychnos erichsonii"	7	2008	2008	203.128370223024	176.992292327772	227.894539579816	21.9417492254831	13.6663513863114	31.9654617032516
"Strychnos erichsonii"	8	2009	2009	168.727747753526	142.138650866214	195.171283218978	22.3329651117119	14.0111992845473	32.6942113954975
"Strychnos erichsonii"	9	2010	2010	53.7989659858302	12.4864414820784	93.2209398570703	23.2078654558595	11.7576627977672	40.5708425182912
"Tachigali melinonii"	1	2001	2002	194.37893366773	52.6338494196373	345.818436410149	0.162293502927903	0.000171191349912269	1.17722431065217
"Tachigali melinonii"	2	2002	2003	172.828750407495	58.8503759929954	277.37098210372	1.15813466508255	0.0362283283001448	4.18122118892448
"Tachigali melinonii"	3	2003	2004	195.345129323132	56.1540352973074	336.676015984334	0.0926231635778811	6.33335361417285e-07	0.800329456711791
"Tachigali melinonii"	4	2004	2004	198.120301353179	54.6336207292014	342.374551582783	0.199749497920136	0.000677976627443157	1.33824646217233
"Tachigali melinonii"	5	2005	2005	200.745176139311	57.6719958281567	341.286333887307	0.120229982782925	1.67626489880636e-05	0.950867455770426
"Tachigali melinonii"	6	2006	2006	196.556621078952	57.404315579542	347.44862927032	0.144322002816589	0.000155407065107864	1.06967431150195
"Tachigali melinonii"	7	2007	2007	207.004997903116	184.069715128696	229.498809445118	47.4758621679558	34.2052888699927	62.306559631185
"Tachigali melinonii"	8	2008	2008	266.603551937335	234.84080238734	297.103142431987	25.2434153460685	16.2053543598654	36.2064271373608
"Tachigali melinonii"	9	2009	2010	162.422409560854	134.900692726734	187.633976387006	39.8397388128791	28.4824481658802	53.7141007221859
"Tachigali melinonii"	10	2010	2010	163.709037211617	148.768723344893	176.619619583441	151.291036954597	126.621365392681	178.342242311686
"Terminalia guyanensis"	1	2001	2002	11.6631317934583	-65.7076910055766	76.9561733791406	5.35252408988324	1.7793986308361	11.0503897894519
"Terminalia guyanensis"	2	2002	2003	104.504372778192	71.5853430182531	135.163588956527	29.1241387116674	19.129786931001	40.2807516254115
"Terminalia guyanensis"	3	2003	2004	53.5532485041271	-42.2153788358203	149.65226236599	2.23003334788066	0.287279253635298	6.00115227727278
"Terminalia guyanensis"	4	2004	2005	81.9343506956205	17.0047016302086	145.510107531366	6.14442482971843	2.29547340780945	12.0207186021475
"Terminalia guyanensis"	5	2005	2006	71.9549001474593	34.1421686390417	106.074627579301	22.4494830110786	14.0583242667051	32.8149066067543
"Terminalia guyanensis"	6	2006	2007	-35.9814894048894	-96.7667110510841	19.7008721385373	14.9629958584608	7.60658066619234	25.160711253425
"Terminalia guyanensis"	7	2007	2008	33.2670274505785	7.3739781897433	56.903772045765	60.3218847559278	45.8226671527952	76.1537944134669
"Terminalia guyanensis"	8	2008	2009	144.410740130116	43.75801126736	208.350948587356	2.13804105095131	0.248420481471983	5.7858895526938
"Terminalia guyanensis"	9	2009	2010	1.60350307332848	-51.723929935711	52.004850604211	14.1254471735084	7.33217072941308	23.0717356871076
"Tetragastris altissima"	1	2001	2002	87.3752369186485	80.6640783841264	94.118791153049	30.1102626722734	19.9125575373886	42.6885942019025
"Tetragastris altissima"	2	2002	2003	95.8941138181414	48.7585801146682	144.43213256798	1.20638138996749	0.0182029504600107	4.7639571435275
"Tetragastris altissima"	3	2003	2004	92.5768178872602	69.8536884122191	112.776077576717	3.05450244042745	0.491703311427796	7.60060343438288
"Tetragastris altissima"	4	2004	2005	107.081797863327	81.3451192255784	136.26348311624	2.06801962759578	0.119302768606685	6.44772190377756
"Tetragastris altissima"	5	2005	2006	99.0852488325702	90.9528749010987	106.876708045155	19.1584950460889	11.2326831769112	28.5553344413245
"Tetragastris altissima"	6	2006	2007	96.9222390396368	46.5761412613005	145.907737909186	1.26968872207215	0.0215944112818205	5.21082436483505
"Tetragastris altissima"	7	2007	2008	77.7014570040565	57.9324599071733	97.2061129808308	4.07528506698638	0.910540884788491	8.98345851259835
"Tetragastris altissima"	8	2008	2009	119.579414868575	109.756074262924	129.83763825748	41.7530738531157	30.3008464081837	55.1402620547288
"Tetragastris altissima"	9	2009	2010	91.0970132699938	87.4950293471869	94.5827384340702	104.924895719747	84.6479199348595	127.015007862267
"Tetragastris panamensis"	1	2001	2002	313.124747041399	201.601288996952	390.279722184249	1.00613303493583	0.0285257022120985	3.84811476328862
"Tetragastris panamensis"	2	2002	2003	49.3442611547877	30.9221465826336	80.5173708692642	45.6717699379422	25.6174740147565	71.6073427618456
"Tetragastris panamensis"	3	2003	2004	98.4480558006407	34.3305314852838	187.002272449794	2.76209518469065	0.296334712158166	8.25555724540418
"Tetragastris panamensis"	4	2004	2005	214.867838254884	177.64922919857	252.458455021269	13.2148916338464	6.98603407754559	21.7464061387306
"Tetragastris panamensis"	5	2005	2006	111.064515703099	82.3922695463204	136.906898316975	49.6633237311443	34.7150913697573	68.6752291597065
"Tetragastris panamensis"	6	2006	2006	85.1048805619955	34.7473025439961	150.778113270093	8.59398365570096	2.8113327638893	17.5788758048845
"Tetragastris panamensis"	7	2007	2008	213.070199001444	149.471477149626	274.272653902095	5.13186410190365	1.68644274533555	10.4572909809014
"Tetragastris panamensis"	8	2008	2008	165.837720150835	39.5415679896703	347.71682336408	0.106145524039921	1.83867408430406e-05	0.89391522778465
"Tetragastris panamensis"	9	2009	2010	35.9309827902582	30.2179609535908	48.1626039390448	196.942775365697	156.444001170088	243.133519469448
"Tetragastris panamensis"	10	2010	2010	87.8863458752208	32.5877044427376	176.049913881987	2.77723081162639	0.392110339840341	8.06487303666753
"Trattinnickia sp1"	1	2001	2002	121.808234508923	94.4045210300114	146.783412183506	12.8482952705176	4.17049977251269	52.7453005570544
"Trattinnickia sp1"	2	2002	2003	125.281599358057	93.4632285553722	160.318605833471	7.37594421457904	0.953561017620036	47.2827708829434
"Trattinnickia sp1"	3	2003	2004	121.845627204981	101.690643396818	138.86020103787	31.2443802174875	17.3953121711265	83.0107166242908
"Trattinnickia sp1"	4	2004	2005	120.383099403354	90.21303264753	150.879576396661	9.68710401788423	2.1819827007801	41.9956448061549
"Trattinnickia sp1"	5	2005	2006	115.05025438857	69.9877244809944	150.795158499674	5.6122305496931	0.145840801635441	43.8858121449617
"Trattinnickia sp1"	6	2006	2007	124.206309524045	87.1859066611966	168.640580945235	5.33167920197925	0.116539310607017	37.72764016737
"Trattinnickia sp1"	7	2008	2008	110.843817352165	61.261719914898	139.974075263178	8.08022983573048	1.0604493425869	46.0031323888696
"Trattinnickia sp1"	8	2008	2009	111.834440326993	70.935200403831	141.943087974164	7.5197098446211	0.843475366448421	41.9213314657423
"Trattinnickia sp1"	9	2009	2010	121.126901851168	93.8568264005809	147.550986138566	26.3931242878157	4.7323279221145	139.035556778316
"Unonopsis stipitata"	1	2001	2002	70.9932103006611	29.3921828925726	105.990136950371	23.256063257306	14.6580187882774	34.7608196736285
"Unonopsis stipitata"	2	2002	2003	109.760824598751	65.1884693384867	151.874720461359	11.5732801238407	5.84386016859524	19.6201349654917
"Unonopsis stipitata"	3	2003	2004	170.401610012966	97.5582880118729	243.561322079321	3.14760500687329	0.625279930444092	7.66121843872575
"Unonopsis stipitata"	4	2005	2005	142.883876207909	41.5007053795097	235.797649619653	1.23030953603394	0.0431362978370229	4.37232044983108
"Unonopsis stipitata"	5	2006	2006	175.230194641063	106.087474665155	246.086532795926	4.23802574841112	1.12452991967545	9.3750867933908
"Unonopsis stipitata"	6	2007	2007	153.703486022956	46.6029453812912	261.111218923109	1.18717673190402	0.0365130931288697	4.33696955083083
"Unonopsis stipitata"	7	2008	2008	203.936390070468	115.024217485492	294.791145829624	2.10046506529728	0.28065895282598	5.59515207436394
"Unonopsis stipitata"	8	2009	2009	155.653400345261	107.912810300635	195.818317229072	13.8105304083721	7.08968729490021	21.9974959864403
"Unonopsis stipitata"	9	2010	2010	170.658151195828	103.251707869929	239.347046142863	4.3691025109872	1.12407339969533	9.51741992671981
"Virola michelii"	1	2001	2002	33.8809538615819	18.4256063994538	45.879688534321	25.3085450925202	10.2691718119889	67.2848316890078
"Virola michelii"	2	2002	2003	35.6966931662877	22.3254151506947	47.5591492605008	30.84616696872	14.212037554705	73.6247168483934
"Virola michelii"	3	2003	2004	36.3760501594612	17.7250868425748	53.4856662247689	14.8064080245702	2.08078823982084	61.5486591944257
"Virola michelii"	4	2004	2005	43.1390305405942	29.8066574330008	58.8484450487441	27.0564308611456	10.3705842619826	79.8431467256241
"Virola michelii"	5	2005	2006	41.2725099455311	23.8058746350225	63.0500606324048	13.5793694681122	1.51960991731349	59.5396029629603
"Virola michelii"	6	2006	2007	35.4089450791228	23.1327141712679	46.4055201277898	36.0927888196398	18.1064294671654	81.5907345967631
"Virola michelii"	7	2007	2008	40.8579205165413	27.8343341249125	56.659276652481	24.9540552675357	9.24279705242691	71.2538486995683
"Virola michelii"	8	2008	2009	40.2678640841692	25.0403737881785	58.4181875250625	17.7799211453947	3.97364079060742	62.0738688831151
"Virola michelii"	9	2009	2010	32.6561673041647	17.1075684464005	45.8174452967496	24.5539856400236	8.97089517667436	68.9515979273872
